1 0.048889 0.489167 0.053333 0.041667
1 0.230000 0.642500 0.146667 0.116667
1 0.190556 0.516250 0.074444 0.055833
1 0.359444 0.435833 0.072222 0.061667
1 0.303333 0.472917 0.051111 0.039167
1 0.384444 0.466667 0.037778 0.036667
1 0.444444 0.497083 0.051111 0.042500
1 0.520000 0.477917 0.042222 0.035833
1 0.500000 0.460833 0.037778 0.033333
1 0.592222 0.508750 0.055556 0.042500
1 0.578333 0.569167 0.090000 0.075000
1 0.634444 0.491250 0.035556 0.039167
1 0.603889 0.470417 0.032222 0.030833
1 0.737778 0.474167 0.040000 0.036667
1 0.760556 0.492083 0.043333 0.040833
1 0.813889 0.523333 0.065556 0.058333
1 0.876667 0.478750 0.033333 0.034167
1 0.952778 0.489167 0.047778 0.048333
