1 0.723438 0.401408 0.034375 0.070423
1 0.606250 0.413146 0.028125 0.051643
1 0.571094 0.392019 0.032813 0.046948
1 0.522656 0.415493 0.032813 0.046948
1 0.487500 0.416667 0.028125 0.049296
1 0.452344 0.453052 0.045313 0.070423
1 0.437500 0.390845 0.025000 0.049296
1 0.330469 0.450704 0.057813 0.084507
1 0.347656 0.396714 0.039062 0.070423
1 0.294531 0.361502 0.026563 0.051643
1 0.265625 0.366197 0.028125 0.046948
1 0.221094 0.448357 0.051563 0.079812
1 0.176563 0.411972 0.046875 0.068075
1 0.070312 0.400235 0.046875 0.072770
1 0.016406 0.396714 0.029688 0.061033
1 0.232813 0.374413 0.021875 0.030516
1 0.219531 0.359155 0.017188 0.032864
