1 0.108000 0.624625 0.048000 0.072072
1 0.061000 0.576577 0.038000 0.048048
1 0.113000 0.575075 0.034000 0.045045
1 0.181000 0.555556 0.030000 0.042042
1 0.198000 0.629129 0.044000 0.075075
1 0.175000 0.815315 0.082000 0.129129
1 0.249000 0.591592 0.038000 0.066066
1 0.226000 0.560060 0.028000 0.039039
1 0.256000 0.545045 0.024000 0.045045
1 0.304000 0.555556 0.028000 0.042042
1 0.328000 0.617117 0.036000 0.069069
1 0.373000 0.578078 0.034000 0.051051
1 0.433000 0.684685 0.062000 0.108108
1 0.439000 0.585586 0.034000 0.054054
1 0.454000 0.554054 0.028000 0.045045
1 0.522000 0.564565 0.028000 0.036036
1 0.462000 0.442943 0.028000 0.045045
1 0.548000 0.693694 0.064000 0.120120
1 0.582000 0.627628 0.048000 0.084084
1 0.702000 0.635135 0.052000 0.081081
1 0.698000 0.593093 0.040000 0.051051
1 0.722000 0.570571 0.028000 0.054054
1 0.767000 0.600601 0.042000 0.066066
1 0.810000 0.575075 0.032000 0.057057
