1 0.948333 0.704444 0.101667 0.395556
1 0.808333 0.265185 0.036667 0.068148
1 0.765417 0.302963 0.042500 0.093333
1 0.700417 0.291852 0.042500 0.080000
1 0.614167 0.365926 0.060000 0.100741
1 0.554167 0.393333 0.071667 0.143704
1 0.590833 0.316296 0.036667 0.084444
1 0.523750 0.305926 0.034167 0.060741
1 0.470833 0.351852 0.051667 0.099259
1 0.387500 0.398519 0.061667 0.106667
1 0.400417 0.336296 0.040833 0.074074
1 0.340000 0.540741 0.120000 0.186667
1 0.196667 0.494815 0.083333 0.171852
1 0.235833 0.422963 0.066667 0.120000
1 0.281667 0.361481 0.041667 0.085926
1 0.297500 0.319259 0.031667 0.054815
1 0.342500 0.326667 0.031667 0.069630
1 0.237083 0.327407 0.047500 0.068148
1 0.195833 0.351111 0.036667 0.074074
1 0.145833 0.422963 0.050000 0.093333
1 0.122500 0.371852 0.045000 0.088889
1 0.048750 0.368889 0.047500 0.062222
