1 0.102500 0.805000 0.082500 0.113333
1 0.126250 0.735000 0.065000 0.080000
1 0.155625 0.665833 0.053750 0.085000
1 0.272500 0.615833 0.037500 0.048333
1 0.314375 0.684167 0.058750 0.068333
1 0.273750 0.748333 0.080000 0.116667
1 0.363125 0.769167 0.076250 0.115000
1 0.401250 0.798333 0.105000 0.136667
1 0.375000 0.625833 0.040000 0.048333
1 0.450000 0.679167 0.055000 0.075000
1 0.461250 0.750833 0.052500 0.088333
1 0.527500 0.739167 0.072500 0.105000
1 0.513750 0.674167 0.045000 0.065000
1 0.563125 0.685000 0.051250 0.066667
1 0.603125 0.856667 0.108750 0.173333
1 0.664375 0.709167 0.066250 0.105000
1 0.763125 0.913333 0.136250 0.173333
1 0.747500 0.640000 0.047500 0.080000
1 0.795000 0.671667 0.045000 0.063333
1 0.865000 0.679167 0.050000 0.068333
1 0.910625 0.675833 0.038750 0.071667
1 0.933125 0.638333 0.041250 0.063333
1 0.956875 0.705833 0.063750 0.095000
1 0.875000 0.505833 0.030000 0.041667
