1 0.843585 0.372656 0.036907 0.079688
1 0.625659 0.481250 0.028120 0.053125
1 0.636643 0.457031 0.023726 0.048438
1 0.572935 0.476562 0.028120 0.059375
1 0.545694 0.492188 0.031634 0.062500
1 0.505272 0.500000 0.033392 0.068750
1 0.518893 0.465625 0.021968 0.046875
1 0.497364 0.453906 0.015817 0.042188
1 0.469244 0.459375 0.021090 0.046875
1 0.447715 0.499219 0.036028 0.067187
1 0.425747 0.482031 0.023726 0.051563
1 0.399824 0.522656 0.040422 0.076563
1 0.345343 0.519531 0.043937 0.092188
1 0.278559 0.517969 0.054482 0.098438
1 0.302724 0.464063 0.025483 0.056250
1 0.251757 0.481250 0.027241 0.056250
1 0.230228 0.459375 0.021090 0.059375
1 0.242531 0.438281 0.021090 0.039062
1 0.218805 0.425000 0.017575 0.040625
1 0.196397 0.412500 0.020211 0.050000
1 0.202109 0.494531 0.033392 0.060938
1 0.159051 0.471875 0.026362 0.050000
1 0.130053 0.507031 0.047452 0.092188
1 0.052724 0.531250 0.052724 0.103125
1 0.093585 0.489844 0.025483 0.064063
1 0.110721 0.451563 0.021090 0.040625
1 0.124780 0.417969 0.017575 0.035938
1 0.152021 0.406250 0.015817 0.028125
1 0.173550 0.375781 0.016696 0.032813
1 0.142355 0.382031 0.014060 0.026563
1 0.136204 0.363281 0.014060 0.023438
1 0.108963 0.387500 0.015817 0.028125
1 0.109842 0.360938 0.014060 0.028125
1 0.074253 0.452344 0.028998 0.045313
1 0.030756 0.467188 0.038664 0.053125
1 0.019772 0.410156 0.020211 0.039062
1 0.010105 0.444531 0.016696 0.060938
1 0.012302 0.378125 0.019332 0.050000
1 0.035589 0.371094 0.018453 0.039062
1 0.047891 0.392969 0.018453 0.039062
1 0.059754 0.414844 0.026362 0.042188
1 0.069859 0.365625 0.021968 0.053125
