1 0.101250 0.477366 0.087500 0.139918
1 0.120000 0.364198 0.050000 0.094650
1 0.168750 0.337449 0.042500 0.074074
1 0.042500 0.308642 0.045000 0.057613
1 0.242500 0.471193 0.085000 0.135802
1 0.216250 0.351852 0.037500 0.061728
1 0.256250 0.345679 0.037500 0.065844
1 0.345000 0.370370 0.050000 0.090535
1 0.398750 0.399177 0.057500 0.098765
1 0.395000 0.534979 0.105000 0.181070
1 0.482500 0.358025 0.045000 0.090535
1 0.546250 0.411523 0.052500 0.098765
1 0.572500 0.345679 0.040000 0.074074
1 0.621250 0.393004 0.052500 0.094650
1 0.690000 0.349794 0.050000 0.090535
1 0.635000 0.792181 0.155000 0.283951
1 0.765000 0.623457 0.115000 0.185185
1 0.831250 0.479424 0.087500 0.144033
1 0.861250 0.423868 0.072500 0.123457
1 0.900000 0.372428 0.065000 0.111111
1 0.737500 0.172840 0.060000 0.098765
