1 0.038574 0.503660 0.073242 0.143485
1 0.106445 0.529283 0.068359 0.103953
1 0.176270 0.548316 0.053711 0.086384
1 0.281738 0.545388 0.137695 0.262079
1 0.352051 0.508785 0.065430 0.139092
1 0.392578 0.528551 0.044922 0.102489
1 0.413086 0.521230 0.035156 0.087848
1 0.439941 0.527086 0.022461 0.064422
1 0.460938 0.546120 0.015625 0.032211
1 0.630859 0.555637 0.019531 0.039531
1 0.174316 0.494876 0.034180 0.046852
1 0.145020 0.489751 0.032227 0.048316
1 0.109863 0.477306 0.038086 0.049780
1 0.198730 0.491215 0.024414 0.036603
