1 0.127000 0.522667 0.146000 0.202667
1 0.050000 0.369333 0.096000 0.130667
1 0.052000 0.288000 0.080000 0.101333
1 0.035000 0.225333 0.054000 0.077333
1 0.041000 0.176000 0.046000 0.058667
1 0.017000 0.136000 0.030000 0.058667
1 0.014000 0.089333 0.024000 0.045333
1 0.051000 0.130667 0.038000 0.048000
1 0.063000 0.092000 0.034000 0.050667
1 0.091000 0.078667 0.026000 0.045333
1 0.106000 0.112000 0.032000 0.048000
1 0.088000 0.141333 0.032000 0.053333
1 0.119000 0.174667 0.046000 0.061333
1 0.135000 0.137333 0.042000 0.050667
1 0.150000 0.102667 0.032000 0.045333
1 0.198000 0.118667 0.036000 0.045333
1 0.198000 0.089333 0.028000 0.034667
1 0.181000 0.181333 0.058000 0.096000
1 0.230000 0.217333 0.060000 0.077333
1 0.189000 0.280000 0.074000 0.096000
1 0.136000 0.234667 0.060000 0.090667
1 0.220000 0.405333 0.112000 0.144000
1 0.330000 0.316000 0.076000 0.125333
1 0.368000 0.570667 0.168000 0.229333
1 0.472000 0.406667 0.116000 0.162667
1 0.500000 0.302667 0.088000 0.114667
1 0.424000 0.204000 0.056000 0.077333
1 0.359000 0.232000 0.062000 0.090667
1 0.324000 0.194667 0.060000 0.080000
1 0.264000 0.154667 0.048000 0.058667
1 0.258000 0.082667 0.024000 0.037333
1 0.297000 0.105333 0.030000 0.040000
1 0.299000 0.142667 0.034000 0.050667
1 0.315000 0.090667 0.030000 0.037333
1 0.377000 0.096000 0.026000 0.042667
1 0.397000 0.113333 0.034000 0.045333
1 0.379000 0.144000 0.038000 0.053333
1 0.461000 0.176000 0.038000 0.058667
1 0.455000 0.134667 0.034000 0.050667
1 0.471000 0.117333 0.034000 0.048000
1 0.498000 0.108000 0.028000 0.045333
1 0.535000 0.094667 0.030000 0.045333
1 0.561000 0.136000 0.046000 0.074667
1 0.538000 0.182667 0.060000 0.082667
1 0.522000 0.240000 0.072000 0.080000
1 0.637000 0.184000 0.066000 0.096000
1 0.683000 0.240000 0.070000 0.101333
1 0.697000 0.337333 0.086000 0.125333
1 0.706000 0.489333 0.128000 0.173333
1 0.660000 0.117333 0.036000 0.053333
1 0.649000 0.098667 0.030000 0.042667
1 0.646000 0.080000 0.024000 0.037333
1 0.734000 0.081333 0.036000 0.061333
1 0.708000 0.110667 0.040000 0.061333
1 0.735000 0.157333 0.046000 0.064000
1 0.760000 0.189333 0.048000 0.080000
1 0.801000 0.210667 0.066000 0.090667
1 0.865000 0.258667 0.074000 0.112000
1 0.847000 0.146667 0.050000 0.080000
1 0.817000 0.132000 0.038000 0.061333
1 0.813000 0.078667 0.042000 0.056000
1 0.911000 0.093333 0.042000 0.074667
1 0.937000 0.129333 0.042000 0.061333
1 0.910000 0.178667 0.048000 0.085333
1 0.963000 0.208000 0.054000 0.096000
1 0.979000 0.154667 0.042000 0.074667
1 0.936000 0.356000 0.096000 0.152000
