1 0.190833 0.398169 0.108333 0.178490
1 0.238333 0.245995 0.103333 0.162471
1 0.277500 0.108696 0.075000 0.116705
1 0.165833 0.083524 0.055000 0.089245
1 0.412500 0.197941 0.025000 0.043478
1 0.467500 0.210526 0.028333 0.045767
1 0.498333 0.211670 0.040000 0.052632
1 0.574167 0.216247 0.031667 0.052632
1 0.599167 0.196796 0.038333 0.050343
1 0.645833 0.211670 0.038333 0.061785
1 0.682500 0.219680 0.035000 0.054920
1 0.715833 0.202517 0.031667 0.043478
1 0.770833 0.217391 0.041667 0.068650
1 0.804167 0.212815 0.045000 0.073227
1 0.775833 0.178490 0.028333 0.032037
1 0.849167 0.202517 0.058333 0.102975
1 0.895000 0.223112 0.066667 0.107551
1 0.947500 0.203661 0.038333 0.059497
1 0.982500 0.236842 0.035000 0.075515
