1 0.036875 0.532222 0.067500 0.155556
1 0.187500 0.563333 0.070000 0.144444
1 0.185625 0.497778 0.047500 0.086667
1 0.136875 0.527778 0.043750 0.080000
1 0.242188 0.544444 0.038125 0.091111
1 0.296250 0.493889 0.037500 0.063333
1 0.343750 0.620556 0.062500 0.145556
1 0.339375 0.491111 0.031250 0.080000
1 0.427187 0.483889 0.039375 0.070000
1 0.454688 0.563333 0.060625 0.120000
1 0.496875 0.516667 0.040000 0.077778
1 0.529687 0.486667 0.035625 0.082222
1 0.655312 0.354444 0.030625 0.057778
1 0.767813 0.640000 0.066875 0.128889
1 0.736250 0.592778 0.055000 0.105556
1 0.702813 0.548333 0.045625 0.081111
1 0.700313 0.503889 0.034375 0.061111
1 0.755625 0.508333 0.037500 0.081111
1 0.828750 0.537778 0.042500 0.093333
1 0.867188 0.507222 0.030625 0.065556
1 0.978750 0.690556 0.042500 0.185556
1 0.970313 0.617778 0.059375 0.137778
1 0.939375 0.561111 0.047500 0.106667
1 0.918125 0.522222 0.036250 0.066667
1 0.958750 0.500556 0.041250 0.074444
