1 0.085000 0.810185 0.086000 0.157407
1 0.032000 0.731481 0.060000 0.129630
1 0.079000 0.654321 0.058000 0.117284
1 0.126000 0.669753 0.076000 0.123457
1 0.138000 0.592593 0.052000 0.074074
1 0.067000 0.577160 0.050000 0.074074
1 0.050000 0.458333 0.036000 0.064815
1 0.148000 0.524691 0.040000 0.061728
1 0.254000 0.635802 0.064000 0.104938
1 0.216000 0.638889 0.052000 0.111111
1 0.237000 0.722222 0.082000 0.123457
1 0.268000 0.904321 0.104000 0.166667
1 0.363000 0.799383 0.082000 0.141975
1 0.389000 0.395062 0.066000 0.123457
1 0.492000 0.410494 0.036000 0.080247
1 0.503000 0.597222 0.042000 0.095679
1 0.541000 0.583333 0.042000 0.092593
1 0.583000 0.549383 0.034000 0.067901
1 0.613000 0.614198 0.054000 0.111111
1 0.492000 0.850309 0.112000 0.194444
1 0.724000 0.654321 0.064000 0.111111
1 0.671000 0.586420 0.038000 0.074074
1 0.692000 0.574074 0.032000 0.061728
1 0.709000 0.433642 0.038000 0.064815
1 0.817000 0.476852 0.066000 0.114198
1 0.864000 0.429012 0.032000 0.061728
1 0.956000 0.427469 0.080000 0.151235
1 0.732000 0.875000 0.096000 0.145062
