1 0.028479 0.533510 0.047896 0.156966
1 0.191262 0.427690 0.025243 0.079365
1 0.205178 0.403880 0.020712 0.070547
1 0.266343 0.571429 0.040777 0.109347
1 0.280259 0.472663 0.031068 0.081129
1 0.316181 0.443563 0.030421 0.068783
1 0.327184 0.380071 0.016181 0.054674
1 0.370227 0.366843 0.012945 0.056437
1 0.450809 0.373016 0.018770 0.051146
1 0.476052 0.397707 0.018770 0.044092
1 0.480259 0.368607 0.015534 0.042328
1 0.545307 0.456790 0.020065 0.052910
1 0.588350 0.435626 0.018123 0.042328
1 0.566019 0.391534 0.014887 0.045855
1 0.505825 0.597884 0.033010 0.102293
1 0.391262 0.667549 0.036893 0.104056
1 0.418123 0.495591 0.024595 0.070547
1 0.807120 0.382716 0.022006 0.049383
