1 0.554000 0.457565 0.024000 0.051661
1 0.461000 0.784133 0.110000 0.217712
1 0.241000 0.856089 0.194000 0.265683
1 0.197000 0.708487 0.086000 0.125461
1 0.153000 0.673432 0.058000 0.107011
1 0.029000 0.616236 0.050000 0.118081
1 0.061000 0.601476 0.038000 0.081181
1 0.091000 0.584871 0.022000 0.047970
1 0.218000 0.597786 0.028000 0.066421
1 0.246000 0.669742 0.036000 0.070111
1 0.262000 0.632841 0.036000 0.062731
1 0.257000 0.590406 0.030000 0.059041
1 0.309000 0.618081 0.026000 0.062731
1 0.336000 0.656827 0.040000 0.066421
1 0.342000 0.627306 0.028000 0.059041
1 0.369000 0.625461 0.022000 0.047970
1 0.385000 0.642066 0.022000 0.051661
1 0.398000 0.712177 0.052000 0.110701
1 0.420000 0.632841 0.028000 0.070111
1 0.445000 0.636531 0.034000 0.077491
1 0.471000 0.632841 0.026000 0.070111
1 0.492000 0.632841 0.024000 0.062731
1 0.511000 0.645756 0.022000 0.051661
1 0.542000 0.693727 0.048000 0.118081
1 0.554000 0.660517 0.036000 0.095941
1 0.571000 0.642066 0.030000 0.073801
1 0.137000 0.607011 0.022000 0.047970
1 0.142000 0.584871 0.032000 0.062731
1 0.742000 0.649446 0.028000 0.059041
1 0.780000 0.643911 0.024000 0.077491
1 0.812000 0.658672 0.036000 0.092251
1 0.838000 0.678967 0.036000 0.073801
1 0.919000 0.678967 0.050000 0.110701
1 0.896000 0.654982 0.032000 0.070111
1 0.964000 0.666052 0.040000 0.092251
