1 0.112766 0.101550 0.119149 0.172093
1 0.301596 0.231008 0.098936 0.127132
1 0.207979 0.232558 0.022340 0.040310
1 0.430319 0.272093 0.064894 0.097674
1 0.473404 0.274419 0.040426 0.080620
1 0.517021 0.295349 0.042553 0.079070
1 0.557979 0.315504 0.028723 0.057364
1 0.600532 0.330233 0.030851 0.065116
1 0.667021 0.340310 0.027660 0.054264
1 0.697872 0.381395 0.021277 0.037209
1 0.727660 0.387597 0.019149 0.031008
1 0.751596 0.393023 0.018085 0.035659
1 0.769149 0.396899 0.017021 0.027907
1 0.788298 0.400000 0.017021 0.027907
1 0.930851 0.254264 0.053191 0.068217
