1 0.183250 0.549137 0.120500 0.193548
1 0.211000 0.471118 0.078000 0.121530
1 0.256000 0.515004 0.065000 0.107277
1 0.309500 0.420480 0.053000 0.117779
1 0.342500 0.409227 0.026000 0.045761
1 0.372500 0.427607 0.043000 0.084021
1 0.394500 0.424981 0.028000 0.071268
1 0.434750 0.429482 0.036500 0.050263
1 0.460000 0.399475 0.026000 0.051763
1 0.693750 0.424981 0.030500 0.056264
1 0.720000 0.409977 0.030000 0.072768
1 0.735500 0.429857 0.036000 0.072018
1 0.767000 0.418980 0.042000 0.078770
1 0.850500 0.463991 0.077000 0.128282
