1 0.145000 0.361333 0.078000 0.120000
1 0.407000 0.521333 0.026000 0.040000
1 0.433000 0.526667 0.022000 0.040000
1 0.447000 0.534667 0.026000 0.050667
1 0.481000 0.529333 0.030000 0.050667
1 0.531000 0.530667 0.022000 0.037333
1 0.545000 0.533333 0.022000 0.048000
1 0.562000 0.525333 0.028000 0.058667
1 0.591000 0.560000 0.034000 0.058667
1 0.649000 0.540000 0.046000 0.072000
1 0.686000 0.568000 0.040000 0.074667
1 0.742000 0.585333 0.052000 0.072000
1 0.797000 0.585333 0.050000 0.072000
1 0.785000 0.541333 0.042000 0.058667
1 0.733000 0.540000 0.034000 0.045333
1 0.714000 0.512000 0.020000 0.032000
1 0.731000 0.500000 0.018000 0.034667
1 0.777000 0.497333 0.026000 0.040000
1 0.817000 0.498667 0.018000 0.037333
1 0.804000 0.505333 0.020000 0.040000
1 0.854000 0.544000 0.032000 0.042667
1 0.854000 0.508000 0.024000 0.040000
1 0.865000 0.601333 0.050000 0.082667
1 0.906000 0.546667 0.036000 0.064000
1 0.969000 0.593333 0.058000 0.093333
1 0.944000 0.580000 0.040000 0.072000
1 0.947000 0.517333 0.026000 0.048000
1 0.965000 0.498667 0.022000 0.042667
1 0.942000 0.489333 0.028000 0.040000
1 0.924000 0.477333 0.016000 0.042667
1 0.877000 0.505333 0.018000 0.029333
1 0.992000 0.494667 0.016000 0.034667
