1 0.035674 0.422731 0.060502 0.108305
1 0.022118 0.330908 0.043094 0.100171
1 0.094178 0.316781 0.043950 0.086473
1 0.183790 0.307791 0.053653 0.100171
1 0.169378 0.259204 0.039669 0.069777
1 0.229167 0.398116 0.088470 0.142979
1 0.279252 0.366866 0.055080 0.105308
1 0.327340 0.315497 0.045091 0.095034
1 0.279680 0.274401 0.034817 0.072774
1 0.372860 0.288955 0.040240 0.077055
1 0.417095 0.271832 0.031107 0.057363
1 0.466467 0.369435 0.056221 0.094178
1 0.445634 0.324700 0.036815 0.068921
1 0.459903 0.293236 0.037386 0.062500
1 0.482877 0.268193 0.029110 0.056079
1 0.552511 0.305223 0.041667 0.071918
1 0.632135 0.361515 0.073059 0.107449
1 0.666952 0.300514 0.034247 0.075342
1 0.727169 0.338613 0.047374 0.093322
1 0.787386 0.130351 0.107877 0.163099
