1 0.197500 0.150370 0.071667 0.155556
1 0.040833 0.581481 0.076667 0.158519
1 0.080000 0.469630 0.048333 0.100741
1 0.139583 0.448148 0.054167 0.108148
1 0.190417 0.530370 0.092500 0.133333
1 0.262917 0.409630 0.039167 0.078519
1 0.350833 0.465926 0.076667 0.128889
1 0.367500 0.602222 0.105000 0.191111
1 0.362917 0.393333 0.037500 0.078519
1 0.394167 0.402222 0.038333 0.105185
1 0.535000 0.244444 0.061667 0.124444
1 0.467500 0.515556 0.080000 0.157037
1 0.511250 0.699259 0.125833 0.275556
1 0.620417 0.510370 0.100833 0.179259
1 0.670417 0.442963 0.074167 0.171852
1 0.714583 0.401481 0.074167 0.127407
1 0.716667 0.331111 0.040000 0.084444
1 0.622917 0.342963 0.037500 0.093333
1 0.842083 0.466667 0.075833 0.154074
1 0.895000 0.535556 0.120000 0.197037
1 0.981667 0.437778 0.035000 0.114074
1 0.961667 0.374074 0.061667 0.108148
1 0.955833 0.305185 0.050000 0.094815
1 0.806667 0.419259 0.071667 0.127407
1 0.810000 0.332593 0.050000 0.075556
1 0.823750 0.296296 0.032500 0.059259
