1 0.205323 0.360781 0.039924 0.079796
1 0.275665 0.229202 0.015209 0.030560
1 0.300856 0.225806 0.014259 0.030560
1 0.316065 0.235993 0.014259 0.027165
1 0.372148 0.253820 0.018061 0.035654
1 0.407795 0.238540 0.019011 0.045840
1 0.333650 0.172326 0.013308 0.022071
1 0.342681 0.206282 0.014259 0.025467
1 0.384030 0.206282 0.015209 0.025467
1 0.369297 0.202886 0.014259 0.025467
1 0.410646 0.203735 0.013308 0.023769
1 0.430608 0.213922 0.017110 0.030560
1 0.474335 0.220713 0.017110 0.030560
1 0.463403 0.191002 0.014259 0.028862
1 0.412072 0.168930 0.014259 0.028862
1 0.422053 0.146010 0.013308 0.020374
1 0.429658 0.173175 0.013308 0.027165
1 0.450095 0.154499 0.014259 0.023769
1 0.460551 0.139219 0.010456 0.020374
1 0.478137 0.160441 0.013308 0.022071
1 0.503327 0.144312 0.012357 0.023769
1 0.520913 0.155348 0.013308 0.025467
1 0.503327 0.185059 0.014259 0.027165
1 0.550380 0.187606 0.017110 0.035654
1 0.547529 0.159593 0.013308 0.023769
1 0.542776 0.145161 0.011407 0.018676
1 0.537548 0.129881 0.012357 0.022071
1 0.520437 0.123090 0.012357 0.022071
1 0.496198 0.119694 0.013308 0.022071
1 0.572243 0.117148 0.015209 0.030560
1 0.576521 0.169779 0.014259 0.023769
1 0.617395 0.153650 0.012357 0.025467
1 0.591255 0.131579 0.017110 0.025467
1 0.602662 0.108659 0.009506 0.023769
1 0.615494 0.124788 0.012357 0.025467
1 0.625475 0.106112 0.013308 0.028862
1 0.644962 0.129032 0.014259 0.027165
1 0.654943 0.103565 0.013308 0.027165
1 0.664924 0.132428 0.012357 0.023769
1 0.680133 0.121392 0.010456 0.022071
1 0.682510 0.100170 0.009506 0.020374
1 0.700570 0.110357 0.013308 0.027165
1 0.661597 0.189304 0.017110 0.032258
1 0.489068 0.278438 0.025665 0.047538
1 0.537072 0.289474 0.020913 0.052632
1 0.558460 0.250424 0.021863 0.039049
1 0.620247 0.256367 0.021863 0.044143
1 0.622624 0.218166 0.017110 0.028862
1 0.591730 0.325976 0.021863 0.057725
1 0.666350 0.335314 0.028517 0.062818
1 0.668726 0.276740 0.023764 0.047538
1 0.723859 0.304754 0.025665 0.052632
1 0.736692 0.387097 0.032319 0.078098
1 0.803707 0.407470 0.027567 0.067912
1 0.774240 0.295416 0.021863 0.057725
1 0.758080 0.254669 0.018061 0.040747
1 0.716730 0.233447 0.020913 0.045840
1 0.690589 0.206282 0.018061 0.039049
1 0.692015 0.167233 0.019011 0.032258
1 0.714829 0.160441 0.013308 0.025467
1 0.742871 0.172326 0.014259 0.028862
1 0.742395 0.202886 0.017110 0.035654
1 0.741445 0.134126 0.015209 0.033956
1 0.758080 0.158744 0.014259 0.032258
1 0.776616 0.138370 0.015209 0.032258
1 0.787072 0.157046 0.013308 0.032258
1 0.803232 0.157895 0.015209 0.027165
1 0.790399 0.234295 0.019962 0.040747
1 0.813688 0.253820 0.019011 0.049236
1 0.836502 0.327674 0.028517 0.050934
1 0.853137 0.255518 0.018061 0.039049
1 0.879753 0.230051 0.014259 0.039049
1 0.923954 0.217317 0.013308 0.030560
1 0.916350 0.285229 0.017110 0.044143
1 0.902091 0.346350 0.019011 0.054329
1 0.893536 0.432937 0.032319 0.078098
