1 0.014063 0.301176 0.025000 0.094118
1 0.112500 0.311765 0.046875 0.082353
1 0.192188 0.434118 0.106250 0.185882
1 0.257812 0.328235 0.043750 0.087059
1 0.328906 0.371765 0.054688 0.103529
1 0.415625 0.336471 0.040625 0.070588
1 0.477344 0.367059 0.045313 0.070588
1 0.522656 0.470588 0.101562 0.169412
1 0.507812 0.341176 0.031250 0.061176
1 0.627344 0.365882 0.042188 0.082353
1 0.703906 0.372941 0.035938 0.058824
1 0.735938 0.442353 0.065625 0.112941
1 0.818750 0.382353 0.034375 0.072941
1 0.918750 0.390588 0.031250 0.070588
1 0.985156 0.411765 0.029688 0.094118
