1 0.024419 0.478000 0.020930 0.052000
1 0.046512 0.486000 0.032558 0.060000
1 0.082558 0.498000 0.034884 0.060000
1 0.117442 0.516000 0.039535 0.064000
1 0.156977 0.526000 0.048837 0.092000
1 0.210465 0.548000 0.048837 0.096000
1 0.254651 0.488000 0.034884 0.056000
1 0.317442 0.598000 0.072093 0.124000
1 0.291860 0.444000 0.020930 0.048000
1 0.338372 0.446000 0.030233 0.052000
1 0.354651 0.418000 0.016279 0.044000
1 0.367442 0.474000 0.032558 0.068000
1 0.396512 0.470000 0.030233 0.076000
1 0.402326 0.422000 0.023256 0.044000
1 0.444186 0.410000 0.018605 0.028000
1 0.474419 0.452000 0.027907 0.064000
1 0.470930 0.418000 0.016279 0.036000
1 0.500000 0.418000 0.018605 0.044000
1 0.550000 0.422000 0.020930 0.044000
1 0.520930 0.498000 0.032558 0.068000
1 0.573256 0.496000 0.048837 0.080000
1 0.605814 0.448000 0.030233 0.072000
1 0.631395 0.440000 0.020930 0.064000
1 0.647674 0.432000 0.025581 0.048000
1 0.696512 0.470000 0.030233 0.076000
1 0.767442 0.436000 0.027907 0.056000
1 0.743023 0.658000 0.100000 0.212000
1 0.877907 0.576000 0.072093 0.144000
1 0.846512 0.418000 0.027907 0.060000
1 0.986047 0.406000 0.027907 0.060000
