1 0.885000 0.773414 0.146000 0.241692
1 0.704000 0.907855 0.148000 0.184290
1 0.835000 0.563444 0.066000 0.129909
1 0.889000 0.611782 0.102000 0.154079
1 0.911000 0.474320 0.054000 0.108761
1 0.881000 0.451662 0.038000 0.075529
1 0.765000 0.495468 0.038000 0.072508
1 0.727000 0.504532 0.042000 0.078550
1 0.687000 0.524169 0.042000 0.063444
1 0.677000 0.478852 0.038000 0.069486
1 0.633000 0.590634 0.058000 0.087613
1 0.616000 0.504532 0.036000 0.072508
1 0.577000 0.510574 0.034000 0.066465
1 0.544000 0.663142 0.076000 0.135952
1 0.508000 0.549849 0.052000 0.084592
1 0.517000 0.474320 0.030000 0.054381
1 0.479000 0.492447 0.034000 0.054381
1 0.462000 0.463746 0.036000 0.057402
1 0.400000 0.510574 0.036000 0.060423
1 0.344000 0.623867 0.064000 0.111782
1 0.303000 0.809668 0.130000 0.181269
1 0.097000 0.708459 0.106000 0.141994
1 0.157000 0.572508 0.066000 0.087613
1 0.072000 0.577039 0.056000 0.078550
1 0.046000 0.507553 0.052000 0.060423
1 0.069000 0.453172 0.030000 0.054381
1 0.040000 0.465257 0.032000 0.066465
1 0.119000 0.522659 0.054000 0.078550
1 0.136000 0.462236 0.036000 0.060423
1 0.206000 0.507553 0.044000 0.072508
1 0.188000 0.472810 0.040000 0.069486
1 0.240000 0.486405 0.032000 0.054381
1 0.273000 0.466767 0.034000 0.051360
1 0.290000 0.521148 0.040000 0.081571
1 0.314000 0.493958 0.032000 0.069486
1 0.329000 0.472810 0.026000 0.051360
1 0.344000 0.450151 0.028000 0.042296
1 0.404000 0.472810 0.024000 0.039275
1 0.386000 0.466767 0.024000 0.051360
