1 0.119985 0.612193 0.081790 0.094262
1 0.022762 0.558145 0.041667 0.077357
1 0.286844 0.570953 0.032793 0.040471
1 0.354552 0.469518 0.033179 0.055840
1 0.368056 0.597080 0.047068 0.080430
1 0.396991 0.763320 0.192130 0.256148
1 0.456404 0.587859 0.043210 0.074283
1 0.478588 0.578381 0.033565 0.053279
1 0.511188 0.588115 0.040895 0.058402
1 0.650656 0.637039 0.050540 0.074283
1 0.726466 0.608607 0.043210 0.065574
1 0.712770 0.592982 0.028164 0.040471
1 0.597801 0.515625 0.025077 0.040471
1 0.809992 0.611168 0.027392 0.044057
1 0.823881 0.595031 0.026620 0.038422
1 0.842400 0.637551 0.051312 0.073258
1 0.918981 0.690061 0.116512 0.143443
1 0.873071 0.623207 0.047840 0.066086
