1 0.033333 0.166667 0.063333 0.139303
1 0.127500 0.375622 0.105000 0.199005
1 0.175833 0.226368 0.045000 0.064677
1 0.221667 0.196517 0.033333 0.064677
1 0.443333 0.119403 0.060000 0.134328
1 0.497500 0.374378 0.091667 0.166667
1 0.420000 0.533582 0.136667 0.181592
1 0.401667 0.186567 0.070000 0.114428
1 0.547500 0.150498 0.081667 0.111940
1 0.643333 0.200249 0.063333 0.106965
1 0.666667 0.160448 0.050000 0.092040
1 0.743333 0.164179 0.053333 0.109453
1 0.844167 0.141791 0.205000 0.278607
1 0.952500 0.105721 0.068333 0.126866
