1 0.291406 0.097222 0.060938 0.108586
1 0.445312 0.406566 0.056250 0.101010
1 0.431250 0.327020 0.043750 0.078283
1 0.465625 0.297980 0.034375 0.070707
1 0.491406 0.267677 0.026563 0.060606
1 0.525781 0.257576 0.026563 0.055556
1 0.507812 0.226010 0.025000 0.042929
1 0.534375 0.217172 0.025000 0.045455
1 0.550781 0.330808 0.032813 0.070707
1 0.607813 0.443182 0.062500 0.108586
1 0.594531 0.328283 0.045313 0.090909
1 0.589844 0.263889 0.026563 0.047980
1 0.567969 0.231061 0.023438 0.037879
1 0.599219 0.213384 0.026563 0.042929
1 0.713281 0.237374 0.020313 0.035354
1 0.741406 0.246212 0.020313 0.042929
1 0.786719 0.286616 0.026563 0.053030
1 0.810938 0.316919 0.040625 0.073232
1 0.780469 0.231061 0.017188 0.037879
1 0.844531 0.260101 0.029688 0.050505
1 0.892969 0.329545 0.035938 0.078283
1 0.934375 0.364899 0.043750 0.088384
1 0.113281 0.337121 0.060938 0.098485
1 0.071094 0.282828 0.045313 0.080808
1 0.092188 0.236111 0.034375 0.053030
1 0.112500 0.218434 0.031250 0.047980
1 0.164844 0.224747 0.026563 0.045455
1 0.191406 0.299242 0.039062 0.078283
1 0.238281 0.239899 0.032813 0.050505
1 0.215625 0.227273 0.031250 0.045455
