1 0.147959 0.554545 0.051020 0.081818
1 0.285714 0.575000 0.034014 0.050000
1 0.430272 0.543182 0.030612 0.040909
1 0.369048 0.522727 0.030612 0.036364
1 0.372449 0.484091 0.017007 0.031818
1 0.297619 0.504545 0.017007 0.027273
1 0.312925 0.529545 0.027211 0.031818
1 0.431973 0.470455 0.020408 0.022727
1 0.471088 0.456818 0.017007 0.031818
1 0.498299 0.490909 0.023810 0.036364
1 0.540816 0.520455 0.027211 0.031818
1 0.549320 0.445455 0.017007 0.027273
1 0.593537 0.434091 0.017007 0.031818
1 0.637755 0.418182 0.030612 0.036364
1 0.685374 0.452273 0.030612 0.040909
1 0.690476 0.518182 0.034014 0.054545
1 0.948980 0.447727 0.061224 0.086364
1 0.918367 0.402273 0.034014 0.059091
1 0.903061 0.359091 0.023810 0.036364
1 0.947279 0.350000 0.023810 0.036364
1 0.976190 0.340909 0.027211 0.036364
1 0.869048 0.377273 0.030612 0.045455
1 0.852041 0.415909 0.023810 0.040909
1 0.829932 0.418182 0.027211 0.045455
1 0.801020 0.422727 0.023810 0.045455
1 0.816327 0.384091 0.027211 0.040909
1 0.719388 0.404545 0.023810 0.036364
1 0.738095 0.386364 0.020408 0.036364
1 0.683673 0.404545 0.020408 0.036364
