1 0.075453 0.226562 0.086519 0.134375
1 0.165996 0.429688 0.090543 0.146875
1 0.261569 0.290625 0.064386 0.106250
1 0.247485 0.429688 0.080483 0.146875
1 0.372233 0.404688 0.068410 0.109375
1 0.392354 0.340625 0.060362 0.125000
1 0.452716 0.431250 0.052314 0.112500
1 0.536217 0.323438 0.058350 0.109375
1 0.553320 0.445312 0.072435 0.128125
1 0.615694 0.429688 0.048290 0.103125
1 0.615694 0.304688 0.072435 0.115625
1 0.699195 0.298438 0.058350 0.115625
1 0.785714 0.251563 0.086519 0.140625
1 0.879276 0.359375 0.068410 0.118750
1 0.080483 0.365625 0.064386 0.112500
1 0.143863 0.342188 0.070423 0.109375
