1 0.042500 0.444944 0.041667 0.067416
1 0.323333 0.557303 0.070000 0.098876
1 0.338333 0.749438 0.110000 0.177528
1 0.330000 0.480899 0.046667 0.058427
1 0.327500 0.430337 0.031667 0.047191
1 0.414167 0.437079 0.031667 0.047191
1 0.461667 0.470787 0.046667 0.069663
1 0.476667 0.528090 0.053333 0.094382
1 0.631667 0.703371 0.093333 0.170787
1 0.604167 0.484270 0.051667 0.083146
1 0.523333 0.440449 0.033333 0.049438
1 0.536667 0.378652 0.030000 0.051685
1 0.572500 0.396629 0.038333 0.056180
1 0.730000 0.432584 0.033333 0.060674
1 0.754167 0.444944 0.028333 0.044944
1 0.715000 0.551685 0.060000 0.083146
1 0.934167 0.698876 0.098333 0.148315
1 0.971667 0.537079 0.056667 0.085393
