1 0.078125 0.583333 0.083750 0.153333
1 0.036875 0.502222 0.063750 0.093333
1 0.053750 0.413333 0.035000 0.071111
1 0.037500 0.357778 0.040000 0.062222
1 0.110000 0.430000 0.047500 0.100000
1 0.116875 0.371111 0.036250 0.071111
1 0.160625 0.363333 0.031250 0.060000
1 0.170625 0.441111 0.061250 0.108889
1 0.234375 0.410000 0.038750 0.082222
1 0.286875 0.373333 0.033750 0.057778
1 0.312500 0.441111 0.055000 0.091111
1 0.287500 0.548889 0.070000 0.133333
1 0.260625 0.697778 0.128750 0.222222
1 0.480000 0.591111 0.095000 0.186667
1 0.410625 0.484444 0.058750 0.120000
1 0.401250 0.387778 0.027500 0.077778
1 0.368750 0.361111 0.027500 0.055556
1 0.433125 0.384444 0.031250 0.057778
1 0.471250 0.398889 0.032500 0.073333
1 0.467500 0.341111 0.027500 0.055556
1 0.534375 0.421111 0.036250 0.073333
1 0.543750 0.383333 0.030000 0.046667
1 0.536875 0.343333 0.026250 0.042222
1 0.551250 0.333333 0.020000 0.044444
1 0.572500 0.337778 0.020000 0.053333
1 0.635625 0.540000 0.078750 0.142222
1 0.618125 0.398889 0.038750 0.077778
1 0.613750 0.356667 0.025000 0.046667
1 0.655625 0.361111 0.028750 0.060000
1 0.688750 0.430000 0.052500 0.100000
1 0.695000 0.368889 0.032500 0.048889
1 0.735000 0.388889 0.032500 0.075556
1 0.763750 0.441111 0.050000 0.104444
1 0.757500 0.354444 0.027500 0.068889
1 0.911250 0.416667 0.045000 0.086667
1 0.886250 0.376667 0.030000 0.064444
1 0.976250 0.488889 0.047500 0.151111
1 0.960625 0.444444 0.053750 0.120000
1 0.936875 0.388889 0.033750 0.080000
1 0.977500 0.378889 0.035000 0.077778
