1 0.028333 0.578049 0.053333 0.092683
1 0.032500 0.731707 0.061667 0.136585
1 0.183333 0.842683 0.113333 0.163415
1 0.095000 0.323171 0.056667 0.080488
1 0.740833 0.787805 0.115000 0.209756
1 0.690833 0.451220 0.065000 0.107317
1 0.455000 0.619512 0.063333 0.121951
1 0.417500 0.462195 0.045000 0.060976
1 0.341667 0.571951 0.053333 0.080488
1 0.375000 0.278049 0.036667 0.068293
1 0.514167 0.290244 0.038333 0.068293
1 0.590000 0.298780 0.033333 0.060976
1 0.660000 0.281707 0.030000 0.046341
1 0.720000 0.275610 0.030000 0.048780
1 0.786667 0.310976 0.050000 0.075610
1 0.775833 0.396341 0.065000 0.104878
1 0.840000 0.343902 0.056667 0.087805
1 0.950833 0.286585 0.035000 0.065854
