1 0.077500 0.386288 0.025000 0.043478
1 0.118750 0.418060 0.027500 0.040134
1 0.152500 0.426421 0.025000 0.036789
1 0.353750 0.438127 0.022500 0.040134
1 0.441250 0.438127 0.027500 0.046823
1 0.492500 0.451505 0.020000 0.033445
1 0.658750 0.675585 0.132500 0.187291
1 0.577500 0.551839 0.090000 0.127090
1 0.538750 0.466555 0.047500 0.083612
1 0.580000 0.458194 0.030000 0.060201
1 0.621250 0.463211 0.022500 0.043478
1 0.672500 0.496656 0.045000 0.063545
1 0.711250 0.536789 0.062500 0.083612
1 0.820000 0.591973 0.085000 0.120401
1 0.888750 0.558528 0.072500 0.100334
1 0.971250 0.551839 0.057500 0.120401
1 0.936250 0.479933 0.052500 0.070234
1 0.883750 0.489967 0.037500 0.056856
1 0.836250 0.456522 0.037500 0.050167
1 0.803750 0.506689 0.052500 0.063545
1 0.806250 0.466555 0.032500 0.036789
1 0.778750 0.454849 0.027500 0.040134
1 0.756250 0.458194 0.037500 0.046823
1 0.733750 0.478261 0.032500 0.046823
1 0.717500 0.454849 0.035000 0.046823
1 0.983750 0.428094 0.027500 0.053512
1 0.968750 0.463211 0.022500 0.050167
1 0.651250 0.466555 0.037500 0.056856
1 0.031250 0.585284 0.057500 0.133779
1 0.062500 0.511706 0.055000 0.073579
1 0.108750 0.481605 0.072500 0.107023
1 0.190000 0.540134 0.055000 0.076923
1 0.172500 0.488294 0.045000 0.060201
1 0.188750 0.456522 0.037500 0.070234
1 0.233750 0.451505 0.042500 0.073579
1 0.278750 0.456522 0.042500 0.056856
1 0.316250 0.446488 0.032500 0.043478
1 0.057500 0.466555 0.030000 0.056856
1 0.018750 0.494983 0.032500 0.066890
