1 0.094000 0.299363 0.052000 0.082803
1 0.328000 0.390127 0.052000 0.073248
1 0.299000 0.707006 0.090000 0.140127
1 0.544000 0.681529 0.100000 0.140127
1 0.937000 0.616242 0.082000 0.117834
1 0.853000 0.461783 0.070000 0.101911
1 0.729000 0.390127 0.046000 0.079618
1 0.602000 0.367834 0.048000 0.079618
1 0.604000 0.248408 0.028000 0.038217
1 0.533000 0.254777 0.030000 0.044586
1 0.482000 0.280255 0.036000 0.050955
1 0.474000 0.391720 0.060000 0.095541
1 0.412000 0.288217 0.028000 0.054140
1 0.401000 0.167197 0.026000 0.041401
1 0.463000 0.184713 0.026000 0.044586
1 0.704000 0.292994 0.028000 0.050955
1 0.829000 0.207006 0.018000 0.025478
1 0.967000 0.175159 0.018000 0.031847
1 0.964000 0.214968 0.024000 0.041401
