1 0.031414 0.573620 0.055846 0.128834
1 0.031414 0.472393 0.052356 0.110429
1 0.127400 0.562883 0.118674 0.236196
1 0.212042 0.457055 0.047120 0.092025
1 0.180628 0.432515 0.026178 0.061350
1 0.255672 0.432515 0.036649 0.073620
1 0.289703 0.527607 0.059337 0.116564
1 0.307155 0.460123 0.038394 0.085890
1 0.328098 0.455521 0.027923 0.064417
1 0.373473 0.434049 0.020942 0.046012
1 0.388307 0.420245 0.022688 0.042945
1 0.414485 0.467791 0.033159 0.076687
1 0.469459 0.596626 0.118674 0.205521
1 0.447644 0.420245 0.026178 0.049080
1 0.471204 0.414110 0.020942 0.042945
1 0.486911 0.420245 0.027923 0.049080
1 0.478185 0.383436 0.020942 0.049080
1 0.530541 0.404908 0.017452 0.036810
1 0.542757 0.417178 0.024433 0.036810
1 0.560209 0.429448 0.027923 0.061350
1 0.554974 0.493865 0.041885 0.092025
1 0.607330 0.446319 0.034904 0.076687
1 0.665794 0.421779 0.022688 0.052147
1 0.714660 0.449387 0.036649 0.064417
1 0.692845 0.546012 0.083770 0.153374
1 0.804538 0.414110 0.027923 0.061350
1 0.828970 0.507669 0.066318 0.125767
1 0.913613 0.423313 0.040140 0.092025
1 0.968586 0.409509 0.031414 0.064417
1 0.978185 0.487730 0.043630 0.128834
