1 0.075231 0.265720 0.018519 0.040568
1 0.398148 0.185598 0.020833 0.034483
1 0.422454 0.197769 0.020833 0.042596
1 0.454282 0.217039 0.024306 0.044625
1 0.560185 0.157201 0.018519 0.038540
1 0.570602 0.175456 0.016204 0.038540
1 0.641204 0.111562 0.018519 0.040568
1 0.625000 0.125761 0.011574 0.028398
1 0.642940 0.315416 0.031250 0.070994
1 0.629630 0.271805 0.023148 0.044625
1 0.631366 0.211968 0.024306 0.046653
1 0.681713 0.164300 0.020833 0.044625
1 0.686921 0.208925 0.024306 0.044625
1 0.682870 0.275862 0.030093 0.052738
1 0.951389 0.232252 0.023148 0.046653
