1 0.790000 0.672500 0.087500 0.128333
1 0.755625 0.605833 0.058750 0.098333
1 0.718750 0.526667 0.040000 0.066667
1 0.706875 0.488333 0.041250 0.063333
1 0.676250 0.501667 0.037500 0.046667
1 0.760625 0.489167 0.031250 0.051667
1 0.822500 0.496667 0.042500 0.053333
1 0.842500 0.550833 0.050000 0.071667
1 0.898750 0.534167 0.045000 0.065000
1 0.924375 0.611667 0.076250 0.086667
1 0.955625 0.548333 0.061250 0.076667
1 0.633125 0.392500 0.028750 0.038333
1 0.225625 0.600833 0.081250 0.118333
1 0.181875 0.524167 0.046250 0.071667
1 0.174375 0.491667 0.048750 0.046667
1 0.232500 0.468333 0.035000 0.053333
1 0.252500 0.506667 0.035000 0.053333
1 0.288125 0.464167 0.033750 0.048333
1 0.317500 0.479167 0.037500 0.045000
1 0.353750 0.504167 0.037500 0.051667
1 0.393750 0.510833 0.047500 0.068333
1 0.408125 0.466667 0.033750 0.043333
1 0.446250 0.493333 0.040000 0.063333
1 0.075625 0.521667 0.051250 0.066667
1 0.068750 0.461667 0.035000 0.043333
1 0.040625 0.450833 0.033750 0.045000
