1 0.064054 0.286449 0.024857 0.051458
1 0.276769 0.214408 0.018164 0.037736
1 0.304015 0.216981 0.013384 0.029160
1 0.320746 0.220412 0.014340 0.036021
1 0.352294 0.222127 0.020076 0.039451
1 0.365679 0.259005 0.021989 0.044597
1 0.347036 0.174099 0.015296 0.032590
1 0.367113 0.186964 0.015296 0.030875
1 0.367113 0.165523 0.015296 0.029160
1 0.384321 0.198113 0.017208 0.039451
1 0.401530 0.239280 0.022945 0.036021
1 0.424474 0.251286 0.021033 0.042882
1 0.411568 0.204117 0.018164 0.034305
1 0.396750 0.168096 0.017208 0.030875
1 0.424474 0.183533 0.015296 0.037736
1 0.417304 0.154374 0.016252 0.030875
1 0.447897 0.184391 0.016252 0.036021
1 0.459369 0.200686 0.018164 0.037736
1 0.444551 0.153516 0.013384 0.032590
1 0.476099 0.146655 0.015296 0.032590
1 0.467495 0.139794 0.015296 0.029160
1 0.470363 0.189537 0.017208 0.032590
1 0.520554 0.170669 0.018164 0.039451
1 0.553059 0.185249 0.016252 0.037736
1 0.558795 0.161235 0.016252 0.030875
1 0.493786 0.150943 0.014340 0.034305
1 0.510516 0.132075 0.013384 0.030875
1 0.524379 0.124357 0.012428 0.029160
1 0.545411 0.143225 0.014340 0.029160
1 0.531071 0.162093 0.014340 0.029160
1 0.553537 0.120926 0.015296 0.029160
1 0.580306 0.168954 0.019120 0.039451
1 0.591778 0.162093 0.013384 0.029160
1 0.592256 0.108919 0.010516 0.022298
1 0.599904 0.134648 0.012428 0.025729
1 0.617113 0.132933 0.016252 0.036021
1 0.627629 0.109777 0.010516 0.020583
1 0.642447 0.113208 0.013384 0.034305
1 0.641491 0.146655 0.017208 0.032590
1 0.648662 0.176672 0.020076 0.037736
1 0.666348 0.109777 0.011472 0.027444
1 0.674952 0.120926 0.013384 0.029160
1 0.698853 0.120069 0.013384 0.034305
1 0.723709 0.144082 0.019120 0.034305
1 0.741396 0.141509 0.012428 0.032590
1 0.732314 0.185249 0.019120 0.037736
1 0.698375 0.171527 0.014340 0.034305
1 0.678776 0.216981 0.019120 0.042882
1 0.606597 0.209262 0.018164 0.044597
1 0.587476 0.224700 0.021989 0.048027
1 0.629063 0.249571 0.021033 0.056604
1 0.698375 0.257290 0.023901 0.054889
1 0.713193 0.240137 0.019120 0.041166
1 0.704111 0.323328 0.031549 0.073756
1 0.760038 0.358491 0.030593 0.065180
1 0.787763 0.279588 0.026769 0.061750
1 0.750956 0.259005 0.023901 0.048027
1 0.793021 0.204974 0.018164 0.036021
1 0.830784 0.255575 0.022945 0.051458
1 0.767208 0.135506 0.008604 0.024014
1 0.772945 0.148370 0.012428 0.029160
1 0.788241 0.165523 0.014340 0.029160
1 0.799235 0.129503 0.011472 0.029160
1 0.814054 0.138079 0.010516 0.025729
1 0.815010 0.193825 0.016252 0.034305
1 0.822658 0.164666 0.012428 0.030875
1 0.836520 0.162950 0.013384 0.037736
1 0.852772 0.145798 0.011472 0.030875
1 0.862811 0.168954 0.018164 0.039451
1 0.838910 0.220412 0.023901 0.039451
1 0.852772 0.230703 0.017208 0.036021
1 0.887667 0.227273 0.018164 0.042882
1 0.923040 0.271012 0.020076 0.048027
1 0.928776 0.228988 0.014340 0.039451
1 0.898184 0.193825 0.012428 0.034305
1 0.893403 0.161235 0.014340 0.030875
1 0.932600 0.179245 0.010516 0.025729
1 0.932600 0.206690 0.014340 0.032590
1 0.920172 0.361063 0.027725 0.070326
