1 0.059203 0.750000 0.109027 0.212500
1 0.320047 0.517188 0.053927 0.090625
1 0.376319 0.585156 0.075029 0.085938
1 0.466589 0.520313 0.046893 0.075000
1 0.512309 0.598438 0.072685 0.103125
1 0.568581 0.513281 0.046893 0.070312
1 0.569168 0.469531 0.045721 0.057813
1 0.671747 0.525000 0.049238 0.075000
1 0.671747 0.464063 0.042204 0.068750
1 0.674678 0.607813 0.076202 0.121875
1 0.748535 0.499219 0.043376 0.067187
1 0.810668 0.575000 0.066823 0.093750
1 0.907386 0.517969 0.042204 0.067187
1 0.971278 0.350000 0.052755 0.096875
