1 0.241667 0.546875 0.116667 0.187500
1 0.307292 0.428125 0.060417 0.112500
1 0.379167 0.470313 0.079167 0.140625
1 0.488542 0.721875 0.147917 0.262500
1 0.527083 0.521875 0.095833 0.175000
1 0.588542 0.384375 0.047917 0.100000
1 0.628125 0.342188 0.043750 0.084375
1 0.652083 0.318750 0.045833 0.087500
1 0.727083 0.360938 0.050000 0.084375
1 0.723958 0.465625 0.064583 0.112500
1 0.844792 0.400000 0.047917 0.087500
1 0.904167 0.420313 0.058333 0.109375
1 0.530208 0.321875 0.043750 0.081250
1 0.501042 0.364063 0.056250 0.096875
1 0.467708 0.325000 0.035417 0.068750
1 0.421875 0.325000 0.043750 0.075000
1 0.328125 0.196875 0.031250 0.056250
1 0.210417 0.367188 0.054167 0.090625
1 0.175000 0.348438 0.054167 0.084375
1 0.130208 0.264063 0.035417 0.046875
1 0.085417 0.320312 0.041667 0.065625
1 0.029167 0.389063 0.054167 0.109375
1 0.054167 0.839063 0.100000 0.321875
