1 0.066542 0.413223 0.033739 0.062810
1 0.572165 0.125620 0.015933 0.036364
1 0.599344 0.121488 0.014058 0.024793
1 0.624649 0.116529 0.015933 0.028099
1 0.638707 0.118182 0.010309 0.024793
1 0.685098 0.127273 0.013121 0.026446
1 0.718369 0.136364 0.015933 0.034711
1 0.742268 0.117355 0.020619 0.029752
1 0.774602 0.127273 0.017807 0.036364
1 0.816776 0.128926 0.014058 0.029752
1 0.462512 0.137190 0.019681 0.029752
1 0.489691 0.136364 0.012184 0.031405
1 0.866448 0.152893 0.015933 0.038017
1 0.889410 0.166116 0.014995 0.038017
1 0.905811 0.152893 0.015933 0.038017
1 0.500000 0.151240 0.014058 0.038017
1 0.533739 0.166942 0.025305 0.039669
1 0.576382 0.174380 0.020619 0.034711
1 0.657919 0.181818 0.020619 0.039669
1 0.638707 0.201653 0.017807 0.042975
1 0.695408 0.179339 0.020619 0.047934
1 0.726804 0.170248 0.017807 0.036364
1 0.766167 0.173554 0.019681 0.039669
1 0.789597 0.147934 0.017807 0.031405
1 0.806935 0.163636 0.016870 0.039669
1 0.834114 0.146281 0.013121 0.024793
1 0.848641 0.180165 0.015933 0.046281
1 0.835052 0.216529 0.022493 0.039669
1 0.905811 0.218182 0.025305 0.046281
1 0.780694 0.201653 0.022493 0.042975
1 0.937207 0.226446 0.018744 0.042975
1 0.930178 0.260331 0.021556 0.054545
1 0.871603 0.251240 0.022493 0.046281
1 0.730084 0.215702 0.026242 0.041322
1 0.376757 0.188430 0.009372 0.039669
1 0.392221 0.190909 0.015933 0.041322
1 0.413777 0.195041 0.017807 0.042975
1 0.440956 0.196694 0.015933 0.039669
1 0.483599 0.220661 0.014995 0.031405
1 0.534208 0.210744 0.020619 0.034711
1 0.562793 0.243802 0.025305 0.057851
1 0.633083 0.247934 0.021556 0.049587
1 0.685567 0.246281 0.025305 0.052893
1 0.765698 0.246281 0.028116 0.062810
1 0.727273 0.276860 0.026242 0.057851
1 0.783974 0.271074 0.027179 0.049587
1 0.843486 0.284298 0.022493 0.042975
1 0.329897 0.211570 0.013121 0.029752
1 0.339738 0.225620 0.017807 0.034711
1 0.610590 0.307438 0.025305 0.056198
1 0.551546 0.304132 0.025305 0.059504
1 0.512184 0.295041 0.019681 0.047934
1 0.359419 0.262810 0.017807 0.039669
1 0.363168 0.300826 0.021556 0.042975
1 0.421743 0.248760 0.018744 0.041322
1 0.286785 0.262810 0.014995 0.029752
1 0.265698 0.267769 0.021556 0.036364
1 0.340675 0.259504 0.019681 0.036364
1 0.367385 0.219008 0.016870 0.038017
1 0.592315 0.146281 0.013121 0.034711
1 0.615276 0.141322 0.014058 0.024793
1 0.753983 0.138017 0.019681 0.038017
1 0.667760 0.206612 0.023430 0.042975
1 0.470947 0.200826 0.021556 0.041322
1 0.480787 0.164463 0.014995 0.038017
1 0.403936 0.218182 0.018744 0.046281
