1 0.406250 0.863889 0.233333 0.266667
1 0.284375 0.838889 0.185417 0.294444
1 0.214583 0.697222 0.150000 0.200000
1 0.212500 0.597222 0.112500 0.127778
1 0.243750 0.558333 0.070833 0.111111
1 0.220833 0.483333 0.075000 0.094444
1 0.538542 0.513889 0.064583 0.133333
1 0.594792 0.519444 0.064583 0.100000
1 0.651042 0.541667 0.093750 0.133333
1 0.525000 0.461111 0.062500 0.077778
1 0.575000 0.262500 0.045833 0.080556
1 0.781250 0.461111 0.054167 0.094444
1 0.742708 0.462500 0.047917 0.097222
1 0.832292 0.683333 0.114583 0.233333
1 0.815625 0.601389 0.102083 0.147222
1 0.933333 0.470833 0.066667 0.119444
1 0.888542 0.452778 0.060417 0.116667
1 0.835417 0.405556 0.054167 0.100000
