1 0.062500 0.314583 0.037500 0.058333
1 0.134375 0.309375 0.037500 0.052083
1 0.158594 0.317708 0.029688 0.052083
1 0.193750 0.284375 0.031250 0.043750
1 0.229688 0.276042 0.028125 0.043750
1 0.057031 0.665625 0.104688 0.127083
1 0.322656 0.646875 0.095313 0.118750
1 0.392188 0.521875 0.075000 0.097917
1 0.396094 0.446875 0.060938 0.085417
1 0.337500 0.406250 0.062500 0.075000
1 0.393750 0.285417 0.040625 0.062500
1 0.496875 0.231250 0.034375 0.045833
1 0.446094 0.372917 0.035938 0.054167
1 0.545312 0.521875 0.087500 0.102083
1 0.539844 0.373958 0.032813 0.047917
1 0.625781 0.319792 0.032813 0.047917
1 0.565625 0.338542 0.028125 0.043750
1 0.670313 0.387500 0.043750 0.058333
1 0.701563 0.438542 0.050000 0.072917
1 0.774219 0.504167 0.064063 0.075000
1 0.835156 0.595833 0.082813 0.129167
1 0.571094 0.873958 0.135938 0.131250
1 0.833594 0.304167 0.035938 0.045833
1 0.960156 0.353125 0.051563 0.068750
