1 0.296429 0.484979 0.155714 0.266094
1 0.220000 0.418455 0.114286 0.223176
1 0.073571 0.221030 0.115714 0.210300
1 0.093571 0.061159 0.087143 0.105150
1 0.252857 0.090129 0.102857 0.167382
1 0.375000 0.253219 0.115714 0.193133
1 0.359286 0.062232 0.087143 0.115880
1 0.462857 0.089056 0.105714 0.160944
1 0.520714 0.275751 0.115714 0.203863
1 0.578571 0.546137 0.191429 0.336910
1 0.690714 0.416309 0.141429 0.231760
1 0.620714 0.224249 0.101429 0.169528
1 0.589286 0.084764 0.092857 0.148069
1 0.780000 0.099785 0.088571 0.178112
1 0.851429 0.394850 0.111429 0.253219
1 0.939286 0.513948 0.121429 0.362661
1 0.959286 0.246781 0.081429 0.218884
1 0.820000 0.857296 0.242857 0.285408
