1 0.069000 0.527027 0.094000 0.129129
1 0.215000 0.451952 0.046000 0.081081
1 0.439000 0.333333 0.026000 0.054054
1 0.538000 0.409910 0.036000 0.069069
1 0.562000 0.456456 0.052000 0.084084
1 0.620000 0.530030 0.068000 0.117117
1 0.632000 0.444444 0.036000 0.066066
1 0.683000 0.462462 0.046000 0.078078
1 0.719000 0.441441 0.038000 0.072072
1 0.768000 0.471471 0.060000 0.084084
1 0.793000 0.621622 0.122000 0.222222
1 0.929000 0.593093 0.094000 0.141141
1 0.875000 0.490991 0.058000 0.093093
1 0.854000 0.448949 0.044000 0.069069
1 0.887000 0.415916 0.038000 0.075075
1 0.968000 0.459459 0.040000 0.072072
1 0.982000 0.483483 0.036000 0.084084
