1 0.763000 0.442598 0.030000 0.051360
1 0.339000 0.572508 0.042000 0.069486
1 0.415000 0.564955 0.042000 0.060423
1 0.483000 0.567976 0.034000 0.054381
1 0.537000 0.548338 0.034000 0.051360
1 0.582000 0.534743 0.028000 0.042296
1 0.631000 0.516616 0.026000 0.042296
1 0.547000 0.515106 0.018000 0.033233
1 0.506000 0.533233 0.020000 0.033233
1 0.490000 0.507553 0.020000 0.030211
1 0.485000 0.493958 0.018000 0.027190
1 0.439000 0.460725 0.018000 0.021148
1 0.466000 0.509063 0.020000 0.027190
1 0.460000 0.533233 0.020000 0.027190
1 0.454000 0.503021 0.016000 0.021148
1 0.432000 0.519637 0.016000 0.030211
1 0.429000 0.495468 0.014000 0.024169
1 0.417000 0.534743 0.018000 0.030211
1 0.376000 0.528701 0.016000 0.030211
1 0.397000 0.512085 0.018000 0.027190
1 0.369000 0.501511 0.014000 0.024169
1 0.359000 0.542296 0.022000 0.045317
1 0.352000 0.512085 0.016000 0.027190
1 0.338000 0.504532 0.016000 0.030211
1 0.322000 0.507553 0.016000 0.024169
1 0.319000 0.536254 0.022000 0.033233
1 0.306000 0.519637 0.020000 0.036254
1 0.262000 0.567976 0.036000 0.054381
1 0.247000 0.537764 0.022000 0.030211
1 0.276000 0.518127 0.012000 0.027190
1 0.255000 0.516616 0.022000 0.030211
1 0.227000 0.519637 0.018000 0.030211
1 0.208000 0.513595 0.016000 0.024169
1 0.159000 0.546828 0.030000 0.042296
1 0.177000 0.531722 0.022000 0.042296
1 0.151000 0.515106 0.022000 0.033233
1 0.086000 0.521148 0.024000 0.033233
