1 0.164356 0.469460 0.044861 0.092330
1 0.237357 0.343750 0.017945 0.036932
1 0.266721 0.351562 0.021207 0.046875
1 0.295269 0.368608 0.024470 0.046875
1 0.290375 0.309659 0.019576 0.039773
1 0.338907 0.377131 0.023654 0.049716
1 0.358483 0.296165 0.015498 0.032670
1 0.375612 0.325994 0.013866 0.038352
1 0.387439 0.340909 0.017945 0.034091
1 0.412316 0.340199 0.020392 0.038352
1 0.431892 0.351562 0.018760 0.046875
1 0.414356 0.299716 0.016313 0.036932
1 0.404160 0.282670 0.013866 0.031250
1 0.399674 0.257812 0.014682 0.032670
1 0.433116 0.283381 0.013051 0.032670
1 0.446982 0.314631 0.021207 0.038352
1 0.472268 0.306108 0.016313 0.032670
1 0.427814 0.262784 0.013866 0.022727
1 0.473083 0.269176 0.016313 0.032670
1 0.460440 0.252131 0.015498 0.026989
1 0.470636 0.242898 0.014682 0.025568
1 0.503263 0.260653 0.014682 0.029830
1 0.516721 0.276989 0.017129 0.028409
1 0.520392 0.252131 0.014682 0.026989
1 0.538744 0.252131 0.017129 0.032670
1 0.549755 0.276989 0.016313 0.034091
1 0.567292 0.257812 0.018760 0.035511
1 0.553834 0.227983 0.014682 0.026989
1 0.573002 0.227273 0.013866 0.025568
1 0.601958 0.225852 0.013051 0.025568
1 0.603181 0.254261 0.017129 0.028409
1 0.613785 0.207386 0.012235 0.028409
1 0.626835 0.216619 0.012235 0.026989
1 0.646819 0.251420 0.014682 0.028409
1 0.658238 0.220170 0.011419 0.025568
1 0.674144 0.233665 0.013866 0.026989
1 0.688418 0.232955 0.013051 0.031250
1 0.524062 0.313210 0.020392 0.041193
1 0.501631 0.371449 0.029364 0.061080
1 0.547308 0.405540 0.026101 0.052557
1 0.541599 0.375710 0.029364 0.041193
1 0.599918 0.326705 0.025285 0.048295
1 0.581566 0.421165 0.024470 0.046875
1 0.615824 0.433239 0.030995 0.071023
1 0.664356 0.456676 0.031811 0.072443
1 0.666395 0.367898 0.027732 0.053977
1 0.646819 0.342330 0.019576 0.051136
1 0.637031 0.311080 0.021207 0.042614
1 0.683524 0.268466 0.013051 0.031250
1 0.704323 0.262784 0.015498 0.034091
1 0.716150 0.287642 0.016313 0.038352
1 0.739396 0.252841 0.012235 0.031250
1 0.748369 0.270597 0.018760 0.032670
1 0.744290 0.224432 0.013866 0.031250
1 0.778140 0.238636 0.014682 0.036932
1 0.766313 0.285511 0.012235 0.031250
1 0.809951 0.250710 0.014682 0.032670
1 0.811582 0.307528 0.017945 0.038352
1 0.822594 0.340909 0.017129 0.039773
1 0.808320 0.370739 0.024470 0.048295
1 0.783442 0.414773 0.028548 0.059659
1 0.741843 0.404830 0.026917 0.048295
1 0.689233 0.348011 0.022838 0.048295
1 0.711664 0.501420 0.036705 0.079545
1 0.834013 0.512074 0.035073 0.078125
1 0.848287 0.468750 0.030995 0.056818
1 0.863377 0.414773 0.025285 0.059659
1 0.873573 0.351562 0.021207 0.038352
1 0.842985 0.308239 0.017129 0.034091
1 0.854405 0.286932 0.013866 0.034091
1 0.859299 0.265625 0.015498 0.028409
1 0.840538 0.258523 0.015498 0.034091
1 0.872757 0.259233 0.013051 0.032670
1 0.897635 0.292614 0.013866 0.039773
1 0.883361 0.321733 0.019576 0.041193
1 0.906607 0.471591 0.028548 0.068182
1 0.916803 0.399858 0.024470 0.052557
1 0.926998 0.358665 0.020392 0.046875
1 0.922920 0.328835 0.017129 0.035511
1 0.933116 0.316761 0.014682 0.036932
1 0.933524 0.286222 0.013866 0.029830
