1 0.066667 0.454054 0.053333 0.113514
1 0.130000 0.443243 0.040000 0.081081
1 0.194167 0.454054 0.051667 0.097297
1 0.270000 0.455405 0.066667 0.143243
1 0.373333 0.445946 0.040000 0.086486
1 0.335000 0.468919 0.023333 0.062162
1 0.446667 0.478378 0.060000 0.108108
1 0.526667 0.451351 0.050000 0.118919
1 0.582500 0.467568 0.041667 0.113514
1 0.659167 0.441892 0.055000 0.105405
1 0.721667 0.467568 0.050000 0.102703
1 0.765833 0.445946 0.038333 0.070270
1 0.800833 0.452703 0.025000 0.062162
1 0.837500 0.483784 0.035000 0.081081
1 0.870833 0.493243 0.031667 0.062162
1 0.883333 0.450000 0.023333 0.045946
1 0.928333 0.490541 0.036667 0.083784
1 0.977500 0.475676 0.035000 0.054054
