1 0.025000 0.570258 0.046875 0.091335
1 0.109375 0.543326 0.043750 0.056206
1 0.161719 0.526932 0.032813 0.051522
1 0.231250 0.618267 0.043750 0.060890
1 0.163281 0.590164 0.039062 0.070258
1 0.342188 0.591335 0.053125 0.086651
1 0.365625 0.567916 0.031250 0.063232
1 0.370313 0.539813 0.025000 0.063232
1 0.392969 0.540984 0.026563 0.070258
1 0.499219 0.385246 0.035938 0.053864
1 0.696875 0.543326 0.040625 0.070258
1 0.764063 0.583138 0.053125 0.084309
1 0.730469 0.584309 0.035938 0.077283
1 0.867969 0.542155 0.070312 0.128806
