1 0.118333 0.474852 0.063333 0.103550
1 0.020000 0.465976 0.036667 0.133136
1 0.162500 0.433432 0.041667 0.079882
1 0.152500 0.390533 0.035000 0.059172
1 0.206667 0.374260 0.040000 0.079882
1 0.240000 0.613905 0.096667 0.144970
1 0.301667 0.415680 0.053333 0.091716
1 0.361667 0.392012 0.036667 0.062130
1 0.374167 0.284024 0.031667 0.053254
1 0.510833 0.504438 0.088333 0.156805
1 0.486667 0.437870 0.043333 0.071006
1 0.607500 0.236686 0.031667 0.059172
1 0.654167 0.335799 0.041667 0.091716
1 0.653333 0.369822 0.033333 0.065089
1 0.698333 0.355030 0.036667 0.071006
1 0.707500 0.417160 0.045000 0.088757
1 0.761667 0.411243 0.056667 0.100592
1 0.836667 0.431953 0.063333 0.142012
