1 0.087083 0.494074 0.089167 0.155556
1 0.232917 0.328148 0.055833 0.102222
1 0.342083 0.312593 0.067500 0.136296
1 0.376667 0.301481 0.041667 0.081481
1 0.435833 0.257778 0.046667 0.065185
1 0.490000 0.267407 0.030000 0.063704
1 0.484167 0.669630 0.138333 0.325926
1 0.530000 0.315556 0.051667 0.097778
1 0.602917 0.251852 0.025833 0.053333
1 0.639583 0.310370 0.042500 0.066667
1 0.693333 0.267407 0.031667 0.072593
1 0.736250 0.260741 0.027500 0.056296
1 0.812500 0.388148 0.061667 0.091852
1 0.697500 0.418519 0.073333 0.120000
1 0.854167 0.331111 0.051667 0.093333
1 0.877083 0.340741 0.025833 0.065185
1 0.885417 0.271852 0.037500 0.066667
