1 0.156000 0.175562 0.056000 0.098315
1 0.229000 0.504213 0.062000 0.092697
1 0.329000 0.485955 0.074000 0.106742
1 0.385000 0.474719 0.050000 0.078652
1 0.479000 0.558989 0.102000 0.129213
1 0.511000 0.523876 0.062000 0.109551
1 0.595000 0.487360 0.042000 0.070225
1 0.694000 0.487360 0.056000 0.081461
1 0.703000 0.564607 0.078000 0.129213
1 0.760000 0.655899 0.144000 0.205056
1 0.834000 0.523876 0.060000 0.087079
1 0.808000 0.498596 0.036000 0.070225
1 0.907000 0.578652 0.078000 0.112360
1 0.959000 0.532303 0.054000 0.081461
1 0.964000 0.487360 0.040000 0.070225
