1 0.065833 0.331111 0.035000 0.048889
1 0.096667 0.348889 0.040000 0.048889
1 0.148333 0.361111 0.036667 0.055556
1 0.185833 0.375556 0.045000 0.057778
1 0.274167 0.351111 0.031667 0.044444
1 0.308333 0.351111 0.033333 0.048889
1 0.347500 0.323333 0.021667 0.033333
1 0.379167 0.351111 0.031667 0.044444
1 0.389167 0.412222 0.061667 0.086667
1 0.453333 0.348889 0.026667 0.040000
1 0.475833 0.350000 0.028333 0.046667
1 0.526667 0.325556 0.030000 0.046667
1 0.650000 0.274444 0.036667 0.051111
1 0.503333 0.430000 0.070000 0.104444
1 0.584167 0.386667 0.041667 0.071111
1 0.673333 0.392222 0.053333 0.077778
1 0.711667 0.352222 0.040000 0.051111
1 0.765000 0.375556 0.040000 0.062222
1 0.808333 0.437778 0.063333 0.102222
1 0.895000 0.491111 0.116667 0.160000
1 0.906667 0.384444 0.060000 0.084444
