1 0.952500 0.179283 0.076000 0.127490
1 0.532000 0.712351 0.113000 0.170518
1 0.266250 0.940637 0.171500 0.118725
1 0.067750 0.680478 0.114500 0.173705
1 0.270000 0.617131 0.074000 0.142629
1 0.612500 0.614741 0.079000 0.129880
1 0.711500 0.484462 0.071000 0.087649
1 0.755500 0.468526 0.046000 0.098805
1 0.779750 0.446215 0.050500 0.078088
1 0.798500 0.418725 0.032000 0.067729
1 0.806000 0.392032 0.029000 0.055777
1 0.780000 0.380080 0.032000 0.062151
1 0.680250 0.382869 0.034500 0.061355
1 0.651500 0.405578 0.041000 0.076494
1 0.593500 0.452988 0.046000 0.070916
1 0.549500 0.487251 0.051000 0.093227
1 0.478250 0.498406 0.061500 0.104382
1 0.549750 0.403187 0.032500 0.050996
1 0.566000 0.372112 0.034000 0.052590
1 0.438250 0.386056 0.026500 0.054980
1 0.409250 0.383665 0.035500 0.053386
1 0.391000 0.435458 0.043000 0.074104
1 0.344500 0.451394 0.046000 0.080478
1 0.357500 0.387251 0.035000 0.052590
1 0.332500 0.378486 0.029000 0.054183
1 0.291250 0.393625 0.035500 0.054183
1 0.249000 0.478884 0.061000 0.095618
1 0.232000 0.429482 0.039000 0.055777
1 0.248250 0.403984 0.035500 0.066932
1 0.167000 0.381275 0.036000 0.058167
1 0.150500 0.456972 0.046000 0.086853
1 0.130250 0.409960 0.031500 0.054980
1 0.076500 0.434661 0.036000 0.066135
1 0.050250 0.470120 0.060500 0.078088
1 0.050250 0.549801 0.083500 0.105179
