1 0.032000 0.777333 0.060000 0.152000
1 0.332000 0.840000 0.128000 0.165333
1 0.309000 0.584000 0.066000 0.106667
1 0.473000 0.596000 0.074000 0.093333
1 0.451000 0.490667 0.042000 0.074667
1 0.465000 0.300000 0.038000 0.050667
1 0.515000 0.456000 0.034000 0.048000
1 0.544000 0.422667 0.032000 0.040000
1 0.581000 0.402667 0.022000 0.032000
1 0.593000 0.512000 0.046000 0.074667
1 0.610000 0.466667 0.040000 0.064000
1 0.632000 0.418667 0.028000 0.042667
1 0.667000 0.416000 0.022000 0.037333
1 0.734000 0.430667 0.032000 0.050667
1 0.754000 0.418667 0.024000 0.042667
1 0.740000 0.486667 0.044000 0.045333
1 0.730000 0.518667 0.044000 0.061333
1 0.695000 0.662667 0.074000 0.120000
1 0.679000 0.906667 0.134000 0.186667
1 0.935000 0.688000 0.098000 0.133333
1 0.883000 0.548000 0.054000 0.077333
1 0.862000 0.493333 0.040000 0.058667
1 0.844000 0.450667 0.036000 0.053333
1 0.847000 0.420000 0.034000 0.045333
1 0.338000 0.374667 0.024000 0.034667
1 0.300000 0.388000 0.028000 0.040000
1 0.274000 0.382667 0.028000 0.040000
1 0.221000 0.389333 0.030000 0.037333
1 0.185000 0.421333 0.038000 0.048000
1 0.157000 0.376000 0.030000 0.042667
1 0.172000 0.353333 0.024000 0.034667
1 0.127000 0.392000 0.030000 0.042667
1 0.103000 0.365333 0.030000 0.042667
1 0.089000 0.426667 0.042000 0.053333
1 0.036000 0.393333 0.036000 0.050667
