1 0.122000 0.396396 0.056000 0.090090
1 0.227000 0.343844 0.046000 0.087087
1 0.278000 0.348348 0.040000 0.072072
1 0.248000 0.315315 0.028000 0.060060
1 0.169000 0.330330 0.026000 0.042042
1 0.131000 0.345345 0.034000 0.054054
1 0.115000 0.325826 0.030000 0.057057
1 0.043000 0.361862 0.042000 0.069069
1 0.068000 0.336336 0.028000 0.060060
1 0.013000 0.342342 0.022000 0.066066
1 0.290000 0.307808 0.024000 0.045045
1 0.313000 0.331832 0.030000 0.057057
1 0.327000 0.313814 0.022000 0.045045
1 0.369000 0.355856 0.054000 0.099099
1 0.421000 0.310811 0.026000 0.057057
1 0.393000 0.352853 0.030000 0.075075
1 0.449000 0.351351 0.038000 0.090090
1 0.504000 0.364865 0.048000 0.081081
1 0.531000 0.420420 0.066000 0.108108
1 0.574000 0.358859 0.044000 0.075075
1 0.530000 0.339339 0.028000 0.054054
1 0.541000 0.313814 0.034000 0.051051
1 0.591000 0.312312 0.030000 0.048048
1 0.621000 0.322823 0.038000 0.063063
1 0.656000 0.319820 0.032000 0.063063
1 0.680000 0.321321 0.040000 0.072072
1 0.726000 0.312312 0.036000 0.066066
1 0.769000 0.318318 0.026000 0.048048
1 0.793000 0.247748 0.054000 0.081081
1 0.861000 0.321321 0.038000 0.072072
1 0.895000 0.330330 0.034000 0.078078
1 0.941000 0.319820 0.038000 0.081081
