1 0.035500 0.459333 0.069000 0.118667
1 0.102500 0.407333 0.065000 0.100000
1 0.037000 0.370000 0.030000 0.057333
1 0.188000 0.461333 0.078000 0.122667
1 0.233500 0.414667 0.043000 0.058667
1 0.206000 0.368000 0.036000 0.053333
1 0.242000 0.322000 0.020000 0.030667
1 0.156500 0.314667 0.019000 0.034667
1 0.316500 0.373333 0.031000 0.045333
1 0.276500 0.365333 0.023000 0.040000
1 0.292500 0.350667 0.021000 0.037333
1 0.253500 0.354000 0.019000 0.036000
1 0.239500 0.361333 0.021000 0.040000
1 0.174000 0.371333 0.026000 0.028000
1 0.394500 0.406000 0.039000 0.057333
1 0.341500 0.375333 0.019000 0.036000
1 0.334500 0.319333 0.021000 0.030667
1 0.363000 0.308667 0.014000 0.036000
1 0.367000 0.346667 0.018000 0.029333
1 0.398000 0.349333 0.026000 0.029333
1 0.439000 0.344000 0.020000 0.026667
1 0.423000 0.351333 0.012000 0.028000
1 0.455000 0.315333 0.014000 0.030667
1 0.680000 0.460667 0.076000 0.108000
1 0.906500 0.606667 0.175000 0.261333
1 0.847500 0.452667 0.073000 0.092000
1 0.771500 0.386667 0.037000 0.058667
1 0.726500 0.394667 0.047000 0.053333
1 0.716000 0.357333 0.026000 0.042667
1 0.715500 0.310000 0.023000 0.038667
1 0.747500 0.349333 0.019000 0.032000
1 0.740000 0.340667 0.014000 0.017333
1 0.771500 0.312667 0.023000 0.036000
1 0.809000 0.374667 0.030000 0.050667
1 0.839000 0.355333 0.020000 0.041333
1 0.881500 0.363333 0.019000 0.036000
1 0.923500 0.362000 0.023000 0.044000
1 0.961000 0.416667 0.064000 0.086667
1 0.881000 0.418000 0.050000 0.065333
1 0.666500 0.356667 0.023000 0.025333
1 0.643500 0.371333 0.031000 0.044000
1 0.602000 0.412000 0.052000 0.064000
1 0.577500 0.386667 0.039000 0.048000
1 0.565000 0.369333 0.026000 0.040000
1 0.554500 0.350000 0.025000 0.030667
1 0.536500 0.351333 0.015000 0.020000
1 0.528500 0.353333 0.013000 0.021333
1 0.610500 0.352000 0.023000 0.042667
1 0.596000 0.352000 0.018000 0.029333
1 0.676000 0.344667 0.018000 0.022667
1 0.689500 0.336667 0.015000 0.025333
1 0.654500 0.344000 0.017000 0.026667
