1 0.060000 0.200833 0.048000 0.108333
1 0.206333 0.256667 0.022000 0.043333
1 0.232667 0.245000 0.010667 0.040000
1 0.243333 0.254167 0.017333 0.041667
1 0.272333 0.252500 0.019333 0.055000
1 0.287333 0.247500 0.013333 0.041667
1 0.323667 0.261667 0.015333 0.046667
1 0.340667 0.266667 0.016000 0.050000
1 0.342667 0.239167 0.012000 0.028333
1 0.359667 0.248333 0.015333 0.036667
1 0.365333 0.273333 0.021333 0.056667
1 0.385333 0.245833 0.016000 0.035000
1 0.405667 0.234167 0.014000 0.038333
1 0.430000 0.229167 0.013333 0.038333
1 0.448000 0.222500 0.013333 0.041667
1 0.428000 0.272500 0.020000 0.051667
1 0.419667 0.256667 0.012667 0.043333
1 0.446000 0.281667 0.025333 0.073333
1 0.455667 0.318333 0.030000 0.086667
1 0.479333 0.271667 0.017333 0.053333
1 0.473000 0.231667 0.014000 0.043333
1 0.485333 0.230833 0.013333 0.041667
1 0.485000 0.375833 0.038000 0.111667
1 0.497667 0.317500 0.031333 0.085000
1 0.508000 0.251667 0.018667 0.063333
1 0.541000 0.225833 0.014000 0.045000
1 0.554333 0.238333 0.016667 0.050000
1 0.531333 0.384167 0.053333 0.171667
1 0.550667 0.435833 0.062667 0.168333
1 0.572333 0.226667 0.015333 0.040000
1 0.566333 0.205000 0.011333 0.033333
1 0.590667 0.250833 0.018667 0.048333
1 0.601333 0.200000 0.010667 0.036667
1 0.629000 0.221667 0.018000 0.046667
1 0.625333 0.195000 0.013333 0.040000
1 0.622333 0.298333 0.024667 0.066667
1 0.644333 0.314167 0.028667 0.075000
1 0.656667 0.518333 0.106667 0.266667
1 0.736000 0.368333 0.041333 0.130000
1 0.717333 0.273333 0.024000 0.063333
1 0.743000 0.263333 0.027333 0.063333
1 0.708667 0.227500 0.017333 0.048333
1 0.686000 0.239167 0.016000 0.048333
1 0.669667 0.210833 0.014000 0.041667
1 0.715667 0.210833 0.016667 0.045000
1 0.747333 0.208333 0.018667 0.050000
1 0.771333 0.225833 0.018667 0.051667
1 0.794333 0.285000 0.027333 0.090000
1 0.816000 0.221667 0.013333 0.050000
1 0.835333 0.271667 0.029333 0.076667
1 0.837667 0.220000 0.019333 0.053333
1 0.876000 0.263333 0.026667 0.080000
1 0.906000 0.293333 0.040000 0.100000
1 0.981667 0.269167 0.036667 0.088333
1 0.988000 0.215000 0.018667 0.070000
1 0.972667 0.447500 0.054667 0.235000
