1 0.488810 0.193841 0.027467 0.050725
1 0.532045 0.195652 0.018311 0.039855
1 0.626144 0.189312 0.021363 0.038043
1 0.664802 0.181159 0.019329 0.032609
1 0.687691 0.146739 0.018311 0.032609
1 0.674466 0.209239 0.020346 0.041667
1 0.752289 0.198370 0.021363 0.038043
1 0.689217 0.242754 0.027467 0.039855
1 0.725331 0.276268 0.022380 0.052536
1 0.788911 0.237319 0.021363 0.054348
1 0.766022 0.344203 0.026450 0.068841
1 0.812309 0.365942 0.035605 0.068841
1 0.829603 0.240036 0.027467 0.045290
1 0.896236 0.288043 0.036623 0.079710
1 0.914547 0.370471 0.032553 0.067029
