1 0.696875 0.409006 0.023750 0.041276
1 0.833750 0.632270 0.057500 0.101313
1 0.711875 0.658537 0.058750 0.082552
1 0.611250 0.598499 0.045000 0.078799
1 0.501875 0.595685 0.066250 0.118199
1 0.440000 0.558161 0.042500 0.065666
1 0.401250 0.590056 0.050000 0.088180
1 0.385625 0.537523 0.031250 0.061914
1 0.331250 0.554409 0.055000 0.076923
1 0.339375 0.519700 0.033750 0.052533
1 0.271250 0.555347 0.050000 0.078799
1 0.207500 0.574109 0.042500 0.052533
1 0.193750 0.530957 0.032500 0.060038
1 0.146250 0.602251 0.092500 0.135084
1 0.066875 0.594747 0.071250 0.116323
1 0.025625 0.568480 0.048750 0.078799
