1 0.134000 0.482906 0.072000 0.099715
1 0.122000 0.588319 0.072000 0.116809
1 0.058000 0.623932 0.096000 0.153846
1 0.396000 0.492877 0.052000 0.091168
1 0.448000 0.500000 0.072000 0.139601
1 0.496000 0.524217 0.076000 0.108262
1 0.591000 0.554131 0.086000 0.139601
1 0.649000 0.447293 0.066000 0.102564
1 0.628000 0.292023 0.040000 0.076923
1 0.720000 0.500000 0.056000 0.116809
1 0.693000 0.735043 0.114000 0.227920
1 0.850000 0.804843 0.216000 0.310541
1 0.827000 0.547009 0.094000 0.125356
1 0.952000 0.575499 0.092000 0.136752
1 0.916000 0.485755 0.064000 0.105413
