1 0.435500 0.228980 0.019000 0.032200
1 0.466000 0.240608 0.018000 0.030411
1 0.594500 0.116279 0.019000 0.050089
1 0.686000 0.133274 0.018000 0.048301
1 0.621500 0.192308 0.023000 0.044723
1 0.626500 0.225403 0.027000 0.035778
1 0.679000 0.203936 0.020000 0.042934
1 0.724500 0.301431 0.023000 0.055456
1 0.813500 0.255814 0.023000 0.050089
1 0.843000 0.228980 0.022000 0.050089
1 0.844500 0.295170 0.029000 0.075134
1 0.861500 0.264758 0.021000 0.039356
1 0.917500 0.321109 0.033000 0.076923
1 0.949000 0.305903 0.034000 0.103757
1 0.981500 0.355098 0.037000 0.098390
