1 0.023333 0.501111 0.040000 0.073333
1 0.075833 0.448889 0.031667 0.044444
1 0.130000 0.494444 0.056667 0.077778
1 0.195833 0.468889 0.048333 0.053333
1 0.173333 0.428889 0.026667 0.044444
1 0.216667 0.434444 0.033333 0.042222
1 0.240833 0.415556 0.028333 0.035556
1 0.255000 0.524444 0.066667 0.093333
1 0.296667 0.422222 0.030000 0.035556
1 0.285000 0.463333 0.043333 0.060000
1 0.395833 0.506667 0.061667 0.097778
1 0.392500 0.453333 0.041667 0.053333
1 0.378333 0.432222 0.030000 0.042222
1 0.346667 0.405556 0.020000 0.037778
1 0.411667 0.414444 0.020000 0.042222
1 0.435833 0.431111 0.021667 0.035556
1 0.457500 0.420000 0.035000 0.044444
1 0.460000 0.396667 0.020000 0.033333
1 0.484167 0.400000 0.025000 0.040000
1 0.498333 0.458889 0.043333 0.073333
1 0.512500 0.413333 0.025000 0.040000
1 0.520000 0.394444 0.020000 0.024444
1 0.552500 0.434444 0.031667 0.046667
1 0.549167 0.402222 0.025000 0.035556
1 0.577500 0.401111 0.018333 0.028889
1 0.600000 0.433333 0.033333 0.044444
1 0.610833 0.407778 0.025000 0.033333
1 0.636667 0.403333 0.023333 0.037778
1 0.799167 0.613333 0.095000 0.160000
1 0.804167 0.476667 0.058333 0.082222
1 0.820833 0.444444 0.045000 0.057778
1 0.817500 0.410000 0.041667 0.055556
1 0.785833 0.345556 0.028333 0.046667
1 0.934167 0.467778 0.051667 0.073333
1 0.939167 0.417778 0.045000 0.066667
1 0.909167 0.401111 0.028333 0.051111
1 0.891667 0.387778 0.030000 0.051111
