1 0.078906 0.660156 0.068750 0.114063
1 0.233984 0.259375 0.011719 0.043750
1 0.249219 0.268750 0.018750 0.050000
1 0.288281 0.231250 0.014063 0.028125
1 0.304688 0.248438 0.014063 0.037500
1 0.321094 0.202344 0.017188 0.039062
1 0.346875 0.215625 0.014063 0.046875
1 0.380469 0.257812 0.015625 0.037500
1 0.357813 0.222656 0.014063 0.042188
1 0.376172 0.193750 0.013281 0.021875
1 0.405859 0.180469 0.011719 0.035938
1 0.440625 0.199219 0.014063 0.032813
1 0.409375 0.235156 0.017188 0.035938
1 0.446875 0.289062 0.018750 0.050000
1 0.483984 0.233594 0.017969 0.039062
1 0.507031 0.200781 0.012500 0.032813
1 0.539453 0.227344 0.019531 0.035938
1 0.442578 0.162500 0.016406 0.025000
1 0.464063 0.164062 0.014063 0.028125
1 0.487891 0.170313 0.011719 0.037500
1 0.504688 0.155469 0.014063 0.032813
1 0.525781 0.163281 0.014063 0.032813
1 0.565234 0.142187 0.011719 0.034375
1 0.587891 0.136719 0.011719 0.039062
1 0.606641 0.127344 0.011719 0.032813
1 0.635938 0.128906 0.012500 0.039062
1 0.661328 0.143750 0.013281 0.037500
1 0.619531 0.167188 0.012500 0.031250
1 0.586328 0.201563 0.017969 0.037500
1 0.611719 0.208594 0.018750 0.029688
1 0.625000 0.281250 0.025000 0.050000
1 0.580859 0.322656 0.019531 0.039062
1 0.605469 0.365625 0.021875 0.050000
1 0.661719 0.377344 0.018750 0.054688
1 0.730469 0.383594 0.023438 0.057813
1 0.800781 0.432813 0.026563 0.059375
1 0.867188 0.490625 0.023438 0.059375
1 0.884375 0.389844 0.017188 0.054688
1 0.938281 0.412500 0.021875 0.056250
1 0.971875 0.349219 0.014063 0.042188
1 0.947656 0.356250 0.017188 0.040625
1 0.926172 0.318750 0.014844 0.046875
1 0.867969 0.301563 0.020313 0.040625
1 0.810547 0.310156 0.019531 0.051563
1 0.757031 0.283594 0.015625 0.045313
1 0.722656 0.253906 0.017188 0.045313
1 0.667188 0.245313 0.017188 0.034375
1 0.701172 0.211719 0.010156 0.045313
1 0.663672 0.183594 0.019531 0.035938
1 0.691406 0.153906 0.015625 0.032813
1 0.721094 0.156250 0.012500 0.037500
1 0.744531 0.224219 0.017188 0.051563
1 0.784766 0.203125 0.014844 0.040625
1 0.780859 0.165625 0.011719 0.031250
1 0.810156 0.185938 0.009375 0.034375
1 0.826953 0.225000 0.011719 0.046875
1 0.794141 0.253125 0.022656 0.034375
1 0.861719 0.225000 0.012500 0.037500
1 0.880859 0.232031 0.013281 0.029688
1 0.903125 0.217969 0.012500 0.035938
1 0.950000 0.237500 0.012500 0.040625
1 0.978516 0.247656 0.011719 0.032813
1 0.975391 0.299219 0.016406 0.042188
1 0.928125 0.258594 0.012500 0.042188
1 0.887891 0.271875 0.021094 0.043750
1 0.903516 0.250781 0.014844 0.039062
1 0.751953 0.188281 0.016406 0.029688
1 0.857031 0.353906 0.018750 0.045313
1 0.543750 0.168750 0.014063 0.034375
1 0.568359 0.154688 0.014844 0.040625
1 0.592578 0.176563 0.017969 0.043750
1 0.832031 0.210938 0.014063 0.046875
