1 0.037500 0.408889 0.056667 0.124444
1 0.078333 0.517037 0.061667 0.145185
1 0.130833 0.559259 0.076667 0.161481
1 0.197917 0.654074 0.119167 0.226667
1 0.225417 0.734074 0.124167 0.191111
1 0.263333 0.417037 0.066667 0.096296
1 0.318750 0.497037 0.079167 0.134815
1 0.385833 0.514815 0.068333 0.114074
1 0.432917 0.164444 0.067500 0.160000
1 0.561250 0.431852 0.055833 0.117037
1 0.657083 0.725185 0.127500 0.253333
1 0.660000 0.488148 0.100000 0.188148
1 0.690000 0.419259 0.058333 0.121481
1 0.739583 0.388889 0.057500 0.120000
1 0.791250 0.406667 0.050833 0.099259
1 0.789583 0.514815 0.082500 0.134815
1 0.930833 0.430370 0.081667 0.158519
1 0.963750 0.382963 0.062500 0.111111
