1 0.228000 0.450450 0.020000 0.024024
1 0.563000 0.530030 0.038000 0.069069
1 0.732000 0.558559 0.056000 0.102102
1 0.879000 0.675676 0.122000 0.162162
1 0.844000 0.500000 0.048000 0.063063
1 0.815000 0.486486 0.034000 0.054054
1 0.825000 0.456456 0.030000 0.042042
1 0.896000 0.456456 0.032000 0.042042
1 0.971000 0.506006 0.058000 0.093093
1 0.758000 0.459459 0.024000 0.036036
1 0.710000 0.477477 0.032000 0.060060
1 0.672000 0.480480 0.020000 0.036036
1 0.685000 0.459459 0.026000 0.042042
1 0.664000 0.471471 0.020000 0.036036
1 0.626000 0.466967 0.020000 0.033033
1 0.552000 0.480480 0.024000 0.042042
1 0.547000 0.459459 0.018000 0.024024
1 0.564000 0.450450 0.008000 0.018018
1 0.489000 0.460961 0.014000 0.021021
1 0.456000 0.462462 0.012000 0.018018
1 0.449000 0.456456 0.010000 0.018018
1 0.426000 0.471471 0.024000 0.030030
1 0.394000 0.475976 0.016000 0.021021
1 0.376000 0.469970 0.012000 0.021021
1 0.356000 0.474474 0.012000 0.018018
1 0.314000 0.475976 0.016000 0.021021
