1 0.066000 0.703235 0.085600 0.137834
1 0.038200 0.445499 0.028400 0.047117
1 0.009200 0.443741 0.016000 0.057665
1 0.077200 0.385021 0.020800 0.037271
1 0.097800 0.561885 0.050000 0.092827
1 0.162000 0.516526 0.036000 0.062588
1 0.141400 0.484177 0.032400 0.049930
1 0.160200 0.420886 0.022800 0.038678
1 0.169400 0.386076 0.018000 0.032349
1 0.229200 0.390295 0.016000 0.033755
1 0.266600 0.435654 0.022000 0.040084
1 0.267800 0.401195 0.021200 0.038678
1 0.292600 0.379395 0.014800 0.034459
1 0.329800 0.381857 0.015600 0.026723
1 0.311200 0.547468 0.029600 0.059775
1 0.346400 0.552743 0.044800 0.077356
1 0.319000 0.441983 0.018000 0.042897
1 0.356000 0.423347 0.018400 0.035162
1 0.377000 0.405415 0.012400 0.027426
1 0.391000 0.405415 0.012400 0.027426
1 0.392600 0.362869 0.013200 0.025316
1 0.415000 0.417018 0.018000 0.030942
1 0.454400 0.413854 0.019200 0.038678
1 0.482600 0.379395 0.014000 0.021800
1 0.507800 0.394515 0.021200 0.037975
1 0.680800 0.735232 0.090400 0.146976
1 0.709000 0.533052 0.032400 0.071730
1 0.723000 0.529184 0.026800 0.056962
1 0.814000 0.484177 0.027200 0.049930
1 0.845200 0.535513 0.035200 0.073840
1 0.893600 0.670534 0.091200 0.135724
1 0.941200 0.529184 0.044000 0.069620
1 0.974600 0.481716 0.047600 0.068917
