1 0.067000 0.450342 0.130000 0.284247
1 0.116000 0.375000 0.032000 0.065068
1 0.153000 0.400685 0.046000 0.089041
1 0.208000 0.434932 0.068000 0.123288
1 0.250000 0.491438 0.044000 0.119863
1 0.231000 0.647260 0.078000 0.157534
1 0.289000 0.436644 0.042000 0.078767
1 0.291000 0.386986 0.026000 0.047945
1 0.318000 0.416096 0.028000 0.065068
1 0.346000 0.441781 0.040000 0.089041
1 0.367000 0.388699 0.026000 0.051370
1 0.405000 0.424658 0.034000 0.061644
1 0.460000 0.426370 0.036000 0.071918
1 0.493000 0.436644 0.030000 0.058219
1 0.535000 0.446918 0.038000 0.065068
1 0.532000 0.494863 0.044000 0.085616
1 0.587000 0.448630 0.034000 0.075342
1 0.644000 0.464041 0.032000 0.058219
1 0.656000 0.503425 0.040000 0.068493
1 0.681000 0.440068 0.030000 0.058219
1 0.682000 0.375000 0.032000 0.065068
1 0.774000 0.268836 0.044000 0.113014
1 0.881000 0.345890 0.030000 0.061644
1 0.237000 0.404110 0.026000 0.054795
1 0.210000 0.368151 0.032000 0.044521
