1 0.716406 0.134722 0.089063 0.175000
1 0.253906 0.518056 0.039062 0.075000
1 0.163281 0.906944 0.110938 0.175000
1 0.088281 0.865278 0.085938 0.147222
1 0.103125 0.756944 0.059375 0.119444
1 0.035156 0.672222 0.048438 0.083333
1 0.150781 0.697222 0.051563 0.077778
1 0.103906 0.673611 0.048438 0.086111
1 0.355469 0.602778 0.039062 0.061111
1 0.358594 0.662500 0.042188 0.058333
1 0.416406 0.627778 0.035938 0.055556
1 0.482813 0.594444 0.034375 0.072222
1 0.553906 0.626389 0.039062 0.075000
1 0.583594 0.725000 0.051563 0.077778
1 0.624219 0.802778 0.079688 0.116667
1 0.785156 0.720833 0.054688 0.125000
1 0.956250 0.797222 0.087500 0.188889
1 0.923438 0.506944 0.071875 0.125000
1 0.764844 0.636111 0.048438 0.077778
1 0.782813 0.588889 0.031250 0.066667
1 0.817188 0.595833 0.031250 0.080556
1 0.522656 0.697222 0.045313 0.077778
1 0.614063 0.598611 0.037500 0.080556
1 0.592187 0.637500 0.040625 0.075000
1 0.575000 0.593056 0.034375 0.052778
1 0.475781 0.675000 0.045313 0.061111
1 0.462500 0.631944 0.037500 0.063889
1 0.423438 0.702778 0.050000 0.077778
