1 0.204000 0.746988 0.224000 0.385542
1 0.046000 0.611446 0.084000 0.168675
1 0.115000 0.540663 0.050000 0.093373
1 0.152000 0.557229 0.068000 0.096386
1 0.203000 0.510542 0.054000 0.075301
1 0.296000 0.560241 0.092000 0.144578
1 0.341000 0.594880 0.066000 0.111446
1 0.433000 0.569277 0.058000 0.084337
1 0.553000 0.343373 0.034000 0.066265
1 0.530000 0.584337 0.056000 0.108434
1 0.612000 0.576807 0.052000 0.093373
1 0.662000 0.507530 0.052000 0.081325
1 0.719000 0.623494 0.162000 0.228916
1 0.802000 0.500000 0.044000 0.078313
1 0.904000 0.521084 0.056000 0.096386
1 0.948000 0.585843 0.096000 0.165663
