1 0.043000 0.645646 0.078000 0.120120
1 0.114000 0.605105 0.060000 0.099099
1 0.153000 0.462462 0.038000 0.048048
1 0.122000 0.472973 0.024000 0.045045
1 0.199000 0.486486 0.022000 0.048048
1 0.230000 0.493994 0.032000 0.057057
1 0.256000 0.608108 0.068000 0.117117
1 0.160000 0.543544 0.048000 0.060060
1 0.282000 0.490991 0.032000 0.051051
1 0.291000 0.457958 0.026000 0.039039
1 0.334000 0.435435 0.020000 0.030030
1 0.321000 0.483483 0.026000 0.042042
1 0.344000 0.540541 0.052000 0.072072
1 0.402000 0.518018 0.040000 0.051051
1 0.438000 0.513514 0.044000 0.072072
1 0.424000 0.463964 0.024000 0.033033
1 0.489000 0.480480 0.034000 0.054054
1 0.519000 0.472973 0.026000 0.051051
1 0.498000 0.442943 0.016000 0.033033
1 0.532000 0.442943 0.024000 0.039039
1 0.555000 0.474474 0.034000 0.054054
1 0.657000 0.447447 0.030000 0.042042
1 0.544000 0.696697 0.092000 0.192192
1 0.609000 0.692192 0.078000 0.141141
1 0.713000 0.519520 0.082000 0.156156
1 0.766000 0.503003 0.044000 0.087087
1 0.793000 0.465465 0.042000 0.066066
1 0.834000 0.618619 0.072000 0.144144
1 0.853000 0.774775 0.126000 0.204204
1 0.873000 0.543544 0.066000 0.096096
1 0.876000 0.459459 0.036000 0.054054
1 0.837000 0.481982 0.030000 0.057057
