1 0.084375 0.802108 0.115625 0.199063
1 0.053906 0.687354 0.079688 0.128806
1 0.185156 0.771663 0.079688 0.124122
1 0.221094 0.649883 0.070312 0.110070
1 0.298438 0.825527 0.153125 0.264637
1 0.377344 0.752927 0.095313 0.175644
1 0.392969 0.679157 0.079688 0.131148
1 0.513281 0.468384 0.064063 0.121780
1 0.472656 0.733021 0.073438 0.149883
1 0.550000 0.809133 0.100000 0.203747
1 0.557031 0.686183 0.098438 0.145199
1 0.645313 0.686183 0.062500 0.117096
1 0.686719 0.706089 0.079688 0.128806
1 0.690625 0.813817 0.156250 0.189696
1 0.703125 0.918033 0.146875 0.163934
1 0.871875 0.912178 0.193750 0.175644
1 0.842188 0.779859 0.128125 0.192037
1 0.857813 0.673302 0.065625 0.114754
1 0.814844 0.661593 0.054688 0.105386
1 0.900000 0.754098 0.084375 0.173302
