1 0.470000 0.156604 0.070000 0.147170
1 0.182500 0.505660 0.090000 0.135849
1 0.040000 0.479245 0.075000 0.120755
1 0.020000 0.381132 0.035000 0.090566
1 0.168750 0.354717 0.037500 0.060377
1 0.198750 0.371698 0.037500 0.064151
1 0.248750 0.418868 0.052500 0.090566
1 0.253750 0.347170 0.032500 0.045283
1 0.301250 0.343396 0.032500 0.060377
1 0.336250 0.366038 0.042500 0.060377
1 0.352500 0.415094 0.050000 0.090566
1 0.361250 0.332075 0.027500 0.052830
1 0.371250 0.313208 0.022500 0.030189
1 0.530000 0.567925 0.105000 0.200000
1 0.586250 0.473585 0.072500 0.132075
1 0.616250 0.401887 0.047500 0.094340
1 0.586250 0.337736 0.027500 0.056604
1 0.556250 0.326415 0.022500 0.064151
1 0.658750 0.362264 0.037500 0.083019
1 0.695000 0.339623 0.030000 0.060377
1 0.768750 0.500000 0.082500 0.147170
1 0.813750 0.658491 0.117500 0.237736
1 0.765000 0.415094 0.060000 0.075472
1 0.778750 0.350943 0.042500 0.060377
1 0.978750 0.362264 0.042500 0.075472
