1 0.018125 0.343333 0.033750 0.086667
1 0.090625 0.375833 0.076250 0.118333
1 0.248125 0.406667 0.078750 0.106667
1 0.256875 0.321667 0.046250 0.080000
1 0.367500 0.331667 0.052500 0.083333
1 0.385000 0.285833 0.045000 0.071667
1 0.466250 0.350000 0.055000 0.086667
1 0.452500 0.291667 0.040000 0.060000
1 0.554375 0.298333 0.043750 0.070000
1 0.596875 0.287500 0.033750 0.068333
1 0.768125 0.463333 0.103750 0.173333
1 0.826250 0.384167 0.065000 0.118333
1 0.875000 0.328333 0.055000 0.083333
1 0.978125 0.370000 0.043750 0.123333
1 0.965625 0.554167 0.061250 0.168333
