1 0.260000 0.751779 0.141333 0.179715
1 0.538000 0.847865 0.177333 0.247331
1 0.654667 0.279359 0.082667 0.128114
1 0.368667 0.256228 0.054667 0.067616
1 0.298000 0.245552 0.054667 0.074733
1 0.234667 0.262456 0.066667 0.080071
1 0.168000 0.281139 0.058667 0.081851
1 0.119333 0.314947 0.070667 0.088968
1 0.072667 0.354982 0.076000 0.083630
1 0.074000 0.394128 0.070667 0.083630
1 0.045333 0.419929 0.080000 0.092527
1 0.052667 0.490214 0.097333 0.122776
1 0.052667 0.573843 0.094667 0.158363
1 0.098000 0.717972 0.140000 0.197509
