1 0.107000 0.436937 0.042000 0.087087
1 0.188000 0.441441 0.044000 0.090090
1 0.239000 0.364865 0.042000 0.075075
1 0.291000 0.436937 0.042000 0.075075
1 0.336000 0.384384 0.036000 0.066066
1 0.372000 0.451952 0.044000 0.081081
1 0.413000 0.403904 0.038000 0.057057
1 0.425000 0.471471 0.046000 0.078078
1 0.475000 0.475976 0.042000 0.087087
1 0.528000 0.475976 0.044000 0.093093
1 0.496000 0.408408 0.036000 0.066066
1 0.575000 0.379880 0.042000 0.063063
1 0.582000 0.475976 0.048000 0.087087
1 0.651000 0.445946 0.042000 0.087087
1 0.650000 0.394895 0.036000 0.063063
1 0.720000 0.435435 0.048000 0.078078
1 0.771000 0.417417 0.042000 0.072072
1 0.789000 0.477477 0.050000 0.078078
1 0.854000 0.409910 0.044000 0.081081
