1 0.037917 0.522209 0.074167 0.120048
1 0.258750 0.509604 0.119167 0.157263
1 0.279583 0.438175 0.085833 0.120048
1 0.110000 0.379952 0.026667 0.044418
1 0.354167 0.471188 0.056667 0.104442
1 0.434167 0.559424 0.095000 0.151261
1 0.468333 0.471188 0.068333 0.126050
1 0.500417 0.490996 0.039167 0.110444
1 0.533750 0.490996 0.042500 0.086435
1 0.583750 0.507203 0.049167 0.090036
1 0.787917 0.258103 0.114167 0.168067
1 0.553333 0.376351 0.020000 0.032413
1 0.600000 0.392557 0.023333 0.038415
1 0.451250 0.375750 0.020833 0.038415
1 0.470000 0.389556 0.016667 0.022809
1 0.490000 0.389556 0.018333 0.030012
1 0.512500 0.399760 0.020000 0.028812
1 0.411250 0.440576 0.047500 0.079232
1 0.376250 0.375750 0.020833 0.031212
