1 0.175781 0.539583 0.098438 0.158333
1 0.118750 0.433333 0.046875 0.062500
1 0.166406 0.431250 0.045313 0.066667
1 0.194531 0.422917 0.039062 0.066667
1 0.396094 0.416667 0.042188 0.062500
1 0.537500 0.434375 0.031250 0.056250
1 0.600781 0.504167 0.082813 0.129167
1 0.657813 0.428125 0.050000 0.077083
1 0.567188 0.321875 0.031250 0.043750
1 0.739063 0.406250 0.040625 0.058333
1 0.800000 0.447917 0.053125 0.075000
1 0.856250 0.397917 0.034375 0.045833
1 0.910938 0.448958 0.050000 0.077083
1 0.917188 0.408333 0.028125 0.041667
1 0.985156 0.418750 0.029688 0.041667
1 0.969531 0.414583 0.023438 0.045833
1 0.739063 0.532292 0.103125 0.147917
1 0.657031 0.858333 0.182813 0.275000
