1 0.180000 0.483483 0.048000 0.090090
1 0.248000 0.417417 0.048000 0.078078
1 0.120000 0.385886 0.056000 0.081081
1 0.122000 0.297297 0.048000 0.078078
1 0.083000 0.300300 0.042000 0.072072
1 0.060000 0.238739 0.036000 0.063063
1 0.107000 0.234234 0.034000 0.054054
1 0.159000 0.204204 0.030000 0.054054
1 0.188000 0.307808 0.044000 0.081081
1 0.191000 0.255255 0.030000 0.054054
1 0.219000 0.279279 0.038000 0.072072
1 0.254000 0.315315 0.048000 0.078078
1 0.280000 0.273273 0.036000 0.072072
1 0.260000 0.237237 0.032000 0.054054
1 0.238000 0.220721 0.020000 0.039039
1 0.224000 0.235736 0.024000 0.033033
1 0.298000 0.256757 0.028000 0.057057
1 0.331000 0.280781 0.030000 0.063063
1 0.327000 0.328829 0.042000 0.081081
1 0.367000 0.300300 0.038000 0.072072
1 0.391000 0.273273 0.030000 0.054054
1 0.354000 0.250751 0.024000 0.045045
1 0.327000 0.190691 0.018000 0.039039
1 0.380000 0.213213 0.016000 0.030030
1 0.399000 0.216216 0.018000 0.042042
1 0.425000 0.228228 0.026000 0.048048
1 0.425000 0.285285 0.034000 0.060060
1 0.418000 0.339339 0.040000 0.078078
1 0.471000 0.310811 0.034000 0.063063
1 0.454000 0.256757 0.032000 0.057057
1 0.487000 0.228228 0.026000 0.060060
1 0.476000 0.199700 0.016000 0.039039
1 0.513000 0.219219 0.026000 0.048048
1 0.529000 0.259760 0.030000 0.063063
1 0.508000 0.307808 0.036000 0.087087
1 0.539000 0.321321 0.030000 0.054054
1 0.570000 0.321321 0.028000 0.066066
1 0.607000 0.325826 0.042000 0.075075
1 0.580000 0.268769 0.028000 0.057057
1 0.607000 0.279279 0.026000 0.048048
1 0.653000 0.300300 0.038000 0.072072
1 0.698000 0.345345 0.040000 0.084084
1 0.685000 0.247748 0.038000 0.075075
1 0.725000 0.184685 0.030000 0.063063
1 0.775000 0.267267 0.034000 0.072072
1 0.804000 0.298799 0.048000 0.081081
1 0.841000 0.346847 0.066000 0.099099
1 0.844000 0.421922 0.068000 0.111111
1 0.771000 0.381381 0.058000 0.096096
1 0.737000 0.318318 0.042000 0.066066
1 0.861000 0.303303 0.034000 0.054054
1 0.911000 0.316817 0.042000 0.075075
1 0.807000 0.244745 0.026000 0.039039
