1 0.176270 0.842062 0.165039 0.296236
1 0.428711 0.788052 0.164062 0.289689
1 0.751465 0.584288 0.102539 0.196399
1 0.785156 0.480360 0.080078 0.135843
1 0.724609 0.346154 0.048828 0.086743
1 0.708984 0.269231 0.027344 0.057283
1 0.649414 0.272504 0.027344 0.054010
1 0.622559 0.324877 0.040039 0.063830
1 0.578125 0.275777 0.025391 0.047463
1 0.497559 0.270867 0.026367 0.050736
1 0.483398 0.334697 0.041016 0.083470
1 0.498047 0.412439 0.070312 0.108020
1 0.401855 0.249591 0.024414 0.047463
1 0.446777 0.250409 0.022461 0.049100
1 0.449219 0.311784 0.041016 0.076923
1 0.360840 0.342062 0.051758 0.091653
1 0.345703 0.261866 0.035156 0.072013
1 0.331543 0.239771 0.016602 0.031097
1 0.308594 0.252864 0.023438 0.034370
1 0.279785 0.233224 0.022461 0.040917
1 0.237305 0.284779 0.037109 0.065466
1 0.183594 0.347791 0.058594 0.099836
1 0.763184 0.310966 0.032227 0.052373
1 0.761230 0.275777 0.024414 0.044190
1 0.784180 0.290507 0.017578 0.044190
1 0.854980 0.373977 0.043945 0.076923
1 0.959961 0.351882 0.039062 0.065466
1 0.951660 0.312602 0.028320 0.049100
