1 0.890625 0.464062 0.051563 0.080208
1 0.847266 0.556771 0.050781 0.088542
1 0.785938 0.611979 0.081250 0.132292
1 0.641797 0.704167 0.097656 0.131250
1 0.681641 0.544792 0.072656 0.102083
1 0.720703 0.447917 0.044531 0.068750
1 0.677344 0.361979 0.037500 0.055208
1 0.653516 0.441146 0.050781 0.067708
1 0.596484 0.493750 0.050781 0.083333
1 0.487891 0.665625 0.085156 0.137500
1 0.423047 0.529167 0.064844 0.091667
1 0.477344 0.461979 0.050000 0.069792
1 0.468750 0.422917 0.039062 0.062500
1 0.413672 0.417187 0.036719 0.059375
1 0.356641 0.517708 0.060156 0.083333
1 0.316406 0.468229 0.040625 0.071875
1 0.269531 0.452604 0.043750 0.055208
1 0.265625 0.409375 0.040625 0.052083
1 0.217188 0.401562 0.035938 0.051042
1 0.205859 0.489583 0.055469 0.089583
1 0.159375 0.593750 0.079688 0.129167
1 0.153516 0.449479 0.044531 0.053125
1 0.111719 0.451562 0.048438 0.065625
1 0.086328 0.428646 0.042969 0.053125
1 0.013672 0.460417 0.025781 0.072917
