1 0.765000 0.656156 0.134000 0.231231
1 0.876000 0.486486 0.052000 0.114114
1 0.901000 0.438438 0.046000 0.078078
1 0.922000 0.409910 0.032000 0.057057
1 0.947000 0.402402 0.030000 0.054054
1 0.891000 0.387387 0.022000 0.042042
1 0.873000 0.411411 0.014000 0.036036
1 0.860000 0.420420 0.020000 0.036036
1 0.844000 0.421922 0.024000 0.039039
1 0.829000 0.444444 0.038000 0.054054
1 0.839000 0.396396 0.026000 0.042042
1 0.852000 0.384384 0.020000 0.036036
1 0.798000 0.405405 0.028000 0.036036
1 0.774000 0.448949 0.044000 0.063063
1 0.736000 0.439940 0.036000 0.057057
1 0.645000 0.457958 0.046000 0.075075
1 0.427000 0.567568 0.086000 0.138138
1 0.538000 0.436937 0.036000 0.045045
1 0.576000 0.337838 0.016000 0.027027
1 0.672000 0.400901 0.020000 0.039039
1 0.698000 0.388889 0.020000 0.033033
1 0.645000 0.403904 0.018000 0.027027
1 0.604000 0.411411 0.028000 0.042042
1 0.553000 0.408408 0.018000 0.030030
1 0.560000 0.417417 0.020000 0.024024
1 0.583000 0.408408 0.018000 0.036036
1 0.511000 0.429429 0.030000 0.048048
1 0.502000 0.406907 0.020000 0.033033
1 0.479000 0.411411 0.022000 0.042042
1 0.455000 0.426426 0.034000 0.054054
1 0.460000 0.399399 0.024000 0.030030
1 0.429000 0.457958 0.038000 0.063063
1 0.426000 0.424925 0.024000 0.033033
1 0.400000 0.426426 0.032000 0.054054
1 0.363000 0.423423 0.022000 0.042042
1 0.389000 0.474474 0.034000 0.042042
1 0.320000 0.442943 0.036000 0.051051
1 0.340000 0.414414 0.020000 0.036036
1 0.380000 0.406907 0.024000 0.045045
1 0.293000 0.417417 0.026000 0.030030
1 0.293000 0.463964 0.046000 0.051051
1 0.264000 0.424925 0.024000 0.045045
1 0.221000 0.457958 0.042000 0.057057
1 0.231000 0.436937 0.026000 0.039039
1 0.168000 0.432432 0.028000 0.042042
1 0.149000 0.509009 0.042000 0.063063
1 0.098000 0.500000 0.060000 0.075075
1 0.114000 0.454955 0.044000 0.057057
1 0.146000 0.429429 0.024000 0.042042
1 0.039000 0.549550 0.070000 0.108108
1 0.021000 0.465465 0.030000 0.042042
