1 0.097500 0.581967 0.085000 0.143443
1 0.041875 0.461066 0.046250 0.077869
1 0.168750 0.506148 0.070000 0.114754
1 0.200625 0.456967 0.043750 0.086066
1 0.175625 0.402664 0.028750 0.047131
1 0.236875 0.393443 0.031250 0.065574
1 0.371250 0.428279 0.035000 0.069672
1 0.381875 0.401639 0.028750 0.057377
1 0.447500 0.421107 0.032500 0.063525
1 0.491250 0.409836 0.025000 0.061475
1 0.527500 0.407787 0.032500 0.061475
1 0.573125 0.431352 0.038750 0.084016
1 0.610625 0.392418 0.028750 0.063525
1 0.673750 0.433402 0.040000 0.071721
1 0.811250 0.529713 0.062500 0.116803
1 0.926875 0.598361 0.098750 0.184426
1 0.795625 0.451844 0.053750 0.096311
1 0.785000 0.391393 0.030000 0.057377
1 0.881875 0.412910 0.028750 0.059426
1 0.909375 0.433402 0.048750 0.079918
