1 0.055469 0.666667 0.045313 0.065728
1 0.017969 0.591549 0.032813 0.065728
1 0.074219 0.576291 0.029688 0.049296
1 0.092969 0.619718 0.032813 0.051643
1 0.102344 0.665493 0.051563 0.077465
1 0.173438 0.613850 0.043750 0.072770
1 0.135938 0.771127 0.062500 0.091549
1 0.195312 0.842723 0.100000 0.140845
1 0.287500 0.726526 0.062500 0.086854
1 0.389063 0.821596 0.106250 0.126761
1 0.278125 0.564554 0.015625 0.030516
1 0.217969 0.448357 0.023438 0.028169
1 0.325781 0.577465 0.026563 0.037559
1 0.325000 0.531690 0.021875 0.035211
1 0.304688 0.530516 0.015625 0.028169
1 0.364844 0.569249 0.026563 0.039906
1 0.366406 0.536385 0.014063 0.025822
1 0.356250 0.532864 0.018750 0.037559
1 0.292187 0.551643 0.015625 0.023474
1 0.408594 0.590376 0.026563 0.039906
1 0.412500 0.548122 0.021875 0.035211
1 0.414844 0.514085 0.020313 0.028169
1 0.436719 0.543427 0.026563 0.039906
1 0.457813 0.525822 0.015625 0.028169
1 0.471094 0.564554 0.026563 0.044601
1 0.472656 0.536385 0.014063 0.030516
1 0.491406 0.556338 0.020313 0.037559
1 0.500781 0.536385 0.023438 0.025822
1 0.484375 0.515258 0.015625 0.021127
1 0.521875 0.529343 0.021875 0.035211
1 0.539844 0.561033 0.023438 0.042254
1 0.512500 0.595070 0.031250 0.039906
1 0.520313 0.636150 0.040625 0.056338
1 0.556250 0.596244 0.034375 0.056338
1 0.579688 0.568075 0.021875 0.037559
1 0.579688 0.546948 0.018750 0.028169
1 0.565625 0.535211 0.015625 0.028169
1 0.557813 0.524648 0.012500 0.021127
1 0.608594 0.596244 0.032813 0.046948
1 0.614844 0.537559 0.026563 0.037559
1 0.615625 0.494131 0.018750 0.030516
1 0.632031 0.502347 0.017188 0.023474
1 0.643750 0.497653 0.018750 0.028169
1 0.643750 0.549296 0.025000 0.046948
1 0.667969 0.544601 0.023438 0.032864
1 0.673438 0.518779 0.015625 0.037559
1 0.684375 0.503521 0.015625 0.025822
1 0.692188 0.532864 0.018750 0.032864
1 0.723438 0.548122 0.031250 0.053991
1 0.736719 0.525822 0.020313 0.042254
1 0.707813 0.508216 0.018750 0.030516
1 0.722656 0.505869 0.023438 0.039906
1 0.738281 0.503521 0.020313 0.035211
1 0.778906 0.511737 0.017188 0.023474
1 0.722656 0.619718 0.039062 0.061033
1 0.689063 0.632629 0.037500 0.063380
1 0.817188 0.619718 0.053125 0.093897
1 0.787500 0.586854 0.037500 0.065728
1 0.890625 0.626761 0.053125 0.089202
1 0.915625 0.606808 0.043750 0.068075
1 0.934375 0.582160 0.040625 0.065728
1 0.864844 0.569249 0.039062 0.058685
1 0.810938 0.558685 0.028125 0.037559
1 0.836719 0.537559 0.023438 0.042254
1 0.829688 0.509390 0.025000 0.042254
1 0.873438 0.501174 0.021875 0.035211
1 0.895313 0.536385 0.025000 0.044601
1 0.911719 0.511737 0.023438 0.032864
1 0.913281 0.491784 0.026563 0.030516
