1 0.020000 0.481667 0.037500 0.076667
1 0.102500 0.471667 0.045000 0.053333
1 0.087500 0.440000 0.040000 0.050000
1 0.130625 0.431667 0.036250 0.046667
1 0.175625 0.435000 0.036250 0.043333
1 0.216250 0.412500 0.037500 0.041667
1 0.280000 0.553333 0.057500 0.086667
1 0.310000 0.765833 0.142500 0.155000
1 0.346875 0.494167 0.046250 0.068333
1 0.403125 0.461667 0.033750 0.056667
1 0.445000 0.535833 0.062500 0.095000
1 0.466250 0.499167 0.045000 0.061667
1 0.465625 0.470833 0.036250 0.045000
1 0.488750 0.430833 0.030000 0.058333
1 0.506875 0.427500 0.028750 0.051667
1 0.616250 0.623333 0.087500 0.103333
1 0.614375 0.555000 0.076250 0.100000
1 0.580625 0.503333 0.043750 0.066667
1 0.565625 0.455833 0.038750 0.065000
1 0.569375 0.406667 0.033750 0.050000
1 0.564375 0.290000 0.028750 0.046667
1 0.662500 0.451667 0.032500 0.046667
1 0.658750 0.431667 0.032500 0.043333
1 0.645000 0.413333 0.037500 0.033333
1 0.726250 0.540833 0.067500 0.111667
1 0.693750 0.514167 0.045000 0.071667
1 0.806875 0.577500 0.076250 0.105000
1 0.936250 0.720833 0.127500 0.171667
1 0.931875 0.459167 0.038750 0.061667
1 0.970625 0.441667 0.041250 0.063333
1 0.933750 0.412500 0.040000 0.051667
1 0.896250 0.440833 0.035000 0.058333
1 0.861250 0.430000 0.032500 0.060000
