1 0.058000 0.359517 0.048000 0.060423
1 0.112000 0.400302 0.024000 0.039275
1 0.164000 0.377644 0.028000 0.048338
1 0.199000 0.373112 0.042000 0.063444
1 0.280000 0.351964 0.052000 0.087613
1 0.323000 0.373112 0.034000 0.069486
1 0.383000 0.377644 0.026000 0.042296
1 0.441000 0.376133 0.030000 0.063444
1 0.405000 0.389728 0.018000 0.036254
1 0.362000 0.394260 0.020000 0.033233
1 0.352000 0.401813 0.016000 0.024169
1 0.481000 0.386707 0.026000 0.042296
1 0.542000 0.359517 0.052000 0.090634
1 0.611000 0.373112 0.046000 0.075529
1 0.643000 0.394260 0.030000 0.057402
1 0.702000 0.403323 0.040000 0.063444
1 0.753000 0.421450 0.026000 0.039275
1 0.945000 0.329305 0.034000 0.048338
