1 0.037500 0.637218 0.060000 0.101504
1 0.035000 0.569549 0.040000 0.056391
1 0.027500 0.522556 0.035000 0.052632
1 0.050000 0.524436 0.025000 0.048872
1 0.123750 0.731203 0.077500 0.146617
1 0.111250 0.554511 0.032500 0.056391
1 0.098750 0.518797 0.022500 0.037594
1 0.118750 0.515038 0.027500 0.045113
1 0.151250 0.546992 0.037500 0.063910
1 0.173750 0.505639 0.027500 0.048872
1 0.203750 0.490602 0.022500 0.033835
1 0.231250 0.526316 0.032500 0.045113
1 0.281250 0.657895 0.072500 0.120301
1 0.260000 0.580827 0.040000 0.048872
1 0.271250 0.531955 0.027500 0.041353
1 0.242500 0.484962 0.015000 0.030075
1 0.268750 0.492481 0.022500 0.037594
1 0.281250 0.469925 0.022500 0.030075
1 0.293750 0.483083 0.022500 0.033835
1 0.320000 0.535714 0.040000 0.056391
1 0.326250 0.490602 0.027500 0.041353
1 0.348750 0.511278 0.027500 0.045113
1 0.375000 0.520677 0.025000 0.041353
1 0.358750 0.484962 0.022500 0.030075
1 0.388750 0.565789 0.052500 0.063910
1 0.428750 0.513158 0.027500 0.041353
1 0.417500 0.490602 0.025000 0.033835
1 0.387500 0.479323 0.025000 0.041353
1 0.447500 0.483083 0.020000 0.033835
1 0.470000 0.479323 0.020000 0.033835
1 0.495000 0.488722 0.020000 0.037594
1 0.473750 0.545113 0.032500 0.067669
1 0.507500 0.533835 0.035000 0.045113
1 0.527500 0.488722 0.020000 0.037594
1 0.553750 0.498120 0.027500 0.048872
1 0.612500 0.492481 0.025000 0.045113
1 0.636250 0.471805 0.027500 0.041353
1 0.857500 0.317669 0.065000 0.093985
