1 0.089000 0.373333 0.034000 0.042667
1 0.158000 0.376000 0.048000 0.053333
1 0.058000 0.633333 0.076000 0.082667
1 0.278000 0.580000 0.080000 0.088000
1 0.530000 0.521333 0.068000 0.077333
1 0.616000 0.484000 0.064000 0.072000
1 0.722000 0.532000 0.072000 0.077333
1 0.739000 0.409333 0.054000 0.077333
1 0.863000 0.500000 0.070000 0.088000
1 0.450000 0.456000 0.056000 0.069333
1 0.344000 0.500000 0.056000 0.061333
1 0.301000 0.352000 0.038000 0.058667
1 0.350000 0.352000 0.036000 0.058667
1 0.399000 0.344000 0.042000 0.048000
1 0.445000 0.368000 0.034000 0.048000
1 0.407000 0.409333 0.046000 0.056000
