1 0.044286 0.296000 0.080000 0.280000
1 0.134286 0.320000 0.097143 0.328000
1 0.145000 0.144000 0.055714 0.176000
1 0.305714 0.196000 0.062857 0.224000
1 0.325000 0.150000 0.050000 0.172000
1 0.405714 0.278000 0.105714 0.388000
1 0.451429 0.152000 0.051429 0.168000
1 0.570000 0.486000 0.125714 0.380000
1 0.612143 0.210000 0.058571 0.220000
1 0.540000 0.092000 0.048571 0.160000
1 0.637143 0.080000 0.048571 0.136000
1 0.719286 0.166000 0.081429 0.276000
1 0.782857 0.074000 0.040000 0.132000
1 0.862143 0.076000 0.038571 0.144000
1 0.899286 0.104000 0.052857 0.176000
1 0.952143 0.202000 0.078571 0.244000
1 0.960000 0.050000 0.040000 0.084000
