1 0.064860 0.550360 0.083744 0.187050
1 0.082923 0.775180 0.129721 0.248201
1 0.138752 0.501799 0.064039 0.183453
1 0.093596 0.422662 0.062397 0.140288
1 0.237274 0.438849 0.054187 0.158273
1 0.270115 0.643885 0.103448 0.215827
1 0.326765 0.528777 0.068966 0.158273
1 0.386700 0.453237 0.070608 0.151079
1 0.559113 0.089928 0.050903 0.151079
1 0.744663 0.402878 0.050903 0.129496
1 0.774220 0.455036 0.067323 0.176259
1 0.880131 0.514388 0.098522 0.244604
1 0.935140 0.395683 0.070608 0.179856
1 0.974548 0.440647 0.050903 0.176259
