1 0.190871 0.591900 0.195021 0.323988
1 0.079876 0.507788 0.114108 0.161994
1 0.311203 0.509346 0.041494 0.071651
1 0.264523 0.521807 0.031120 0.077882
1 0.017635 0.487539 0.031120 0.084112
1 0.408714 0.515576 0.078838 0.127726
1 0.496888 0.524922 0.047718 0.090343
1 0.539419 0.520249 0.033195 0.062305
1 0.549793 0.498442 0.024896 0.056075
1 0.460581 0.512461 0.024896 0.052960
1 0.668050 0.532710 0.099585 0.155763
1 0.739627 0.521807 0.035270 0.071651
1 0.774896 0.528037 0.047718 0.077882
1 0.870332 0.528037 0.031120 0.065421
1 0.918050 0.531153 0.076763 0.133956
1 0.979253 0.542056 0.041494 0.087227
1 0.846473 0.514019 0.029046 0.049844
