1 0.044434 0.169963 0.057617 0.086447
1 0.187988 0.375092 0.141602 0.210989
1 0.238525 0.280220 0.081543 0.134066
1 0.201416 0.195238 0.043457 0.075458
1 0.284424 0.235531 0.062012 0.120879
1 0.266113 0.171062 0.041016 0.065201
1 0.307617 0.184249 0.034180 0.062271
1 0.379395 0.161538 0.035156 0.084249
1 0.415771 0.301832 0.089355 0.152381
1 0.502197 0.402564 0.175293 0.273260
1 0.468994 0.200733 0.041504 0.079121
1 0.567627 0.168132 0.035645 0.079853
1 0.582520 0.227839 0.059570 0.098168
1 0.654541 0.219048 0.061035 0.104029
1 0.722900 0.288278 0.101074 0.173626
1 0.678223 0.151282 0.048828 0.093040
1 0.786865 0.180220 0.045410 0.090842
1 0.822266 0.216484 0.046875 0.095971
1 0.875488 0.259707 0.066406 0.123810
1 0.957520 0.214652 0.057617 0.108425
1 0.930908 0.183150 0.038574 0.080586
