1 0.075000 0.612500 0.041667 0.071875
1 0.142187 0.610156 0.036458 0.067187
1 0.183333 0.735938 0.045833 0.075000
1 0.211979 0.612500 0.040625 0.071875
1 0.245312 0.584375 0.034375 0.065625
1 0.286979 0.709375 0.042708 0.068750
1 0.288021 0.598438 0.034375 0.065625
1 0.333854 0.646875 0.040625 0.075000
1 0.337500 0.566406 0.033333 0.067187
1 0.366667 0.570312 0.031250 0.062500
1 0.402604 0.585156 0.036458 0.070312
1 0.394792 0.709375 0.039583 0.068750
1 0.432292 0.551563 0.033333 0.065625
1 0.461979 0.579688 0.034375 0.065625
1 0.481250 0.546094 0.035417 0.067187
1 0.531250 0.541406 0.037500 0.070312
1 0.561458 0.598438 0.035417 0.071875
1 0.524479 0.713281 0.040625 0.085938
1 0.602083 0.707031 0.041667 0.070312
1 0.598958 0.551563 0.035417 0.065625
1 0.622396 0.527344 0.032292 0.051563
1 0.635938 0.578125 0.038542 0.068750
1 0.675000 0.534375 0.037500 0.071875
1 0.702083 0.587500 0.037500 0.068750
1 0.696354 0.692188 0.038542 0.075000
1 0.742708 0.543750 0.035417 0.065625
1 0.775000 0.596875 0.043750 0.078125
1 0.786979 0.697656 0.040625 0.076563
1 0.803646 0.528906 0.042708 0.064063
1 0.848958 0.544531 0.039583 0.060938
1 0.863542 0.701563 0.047917 0.081250
1 0.918750 0.583594 0.033333 0.064063
1 0.958854 0.550000 0.042708 0.075000
