1 0.088750 0.545028 0.075000 0.114447
1 0.230625 0.543152 0.096250 0.129456
1 0.150625 0.439962 0.038750 0.050657
1 0.211875 0.448405 0.048750 0.060038
1 0.291250 0.470919 0.062500 0.101313
1 0.429375 0.487805 0.063750 0.101313
1 0.402500 0.637899 0.117500 0.191370
1 0.498750 0.441839 0.042500 0.073171
1 0.468125 0.407129 0.026250 0.052533
1 0.410000 0.403377 0.035000 0.056285
1 0.495625 0.393058 0.026250 0.043152
1 0.570000 0.541276 0.065000 0.106942
1 0.608750 0.460600 0.042500 0.073171
1 0.681250 0.417448 0.027500 0.046904
1 0.700000 0.484053 0.042500 0.075047
1 0.705625 0.668856 0.166250 0.223265
1 0.778750 0.564728 0.067500 0.116323
1 0.774375 0.481238 0.048750 0.073171
1 0.811250 0.456848 0.040000 0.076923
1 0.728125 0.443715 0.046250 0.054409
1 0.940000 0.592871 0.095000 0.135084
1 0.951875 0.500000 0.041250 0.069418
1 0.917500 0.458724 0.037500 0.061914
1 0.990000 0.467167 0.020000 0.048780
