1 0.050329 0.340833 0.017874 0.031667
1 0.350894 0.265000 0.022578 0.046667
1 0.390405 0.254167 0.018815 0.045000
1 0.411571 0.258333 0.019755 0.050000
1 0.445437 0.183333 0.015992 0.036667
1 0.478833 0.180833 0.020696 0.031667
1 0.461430 0.219167 0.021637 0.038333
1 0.481656 0.217500 0.022578 0.035000
1 0.492004 0.195833 0.016933 0.028333
1 0.490593 0.300000 0.027281 0.046667
1 0.607244 0.260833 0.025400 0.041667
1 0.589840 0.086667 0.016933 0.036667
1 0.686736 0.062500 0.015052 0.028333
1 0.719661 0.183333 0.016933 0.036667
1 0.753528 0.218333 0.020696 0.036667
1 0.578081 0.126667 0.017874 0.026667
