1 0.179680 0.441652 0.041041 0.086176
1 0.192693 0.315978 0.037037 0.082585
1 0.197197 0.239677 0.024024 0.055655
1 0.358358 0.217235 0.024024 0.043088
1 0.428929 0.217235 0.023023 0.046679
1 0.485485 0.182226 0.022022 0.044883
1 0.509510 0.112208 0.020020 0.048474
1 0.566567 0.106822 0.020020 0.044883
1 0.550050 0.189408 0.021021 0.044883
1 0.631131 0.127469 0.015015 0.035907
1 0.585586 0.207361 0.024024 0.048474
1 0.643644 0.246858 0.032032 0.055655
1 0.730731 0.269300 0.034034 0.064632
1 0.843844 0.210054 0.028028 0.053860
1 0.847347 0.342011 0.025025 0.059246
1 0.919419 0.279174 0.031031 0.048474
1 0.908909 0.120287 0.018018 0.028725
1 0.936436 0.160682 0.019019 0.030521
