1 0.978906 0.682127 0.042188 0.133484
1 0.873438 0.769231 0.065625 0.099548
1 0.921875 0.652715 0.043750 0.065611
1 0.910938 0.609729 0.046875 0.070136
1 0.796094 0.625566 0.039062 0.061086
1 0.611719 0.521493 0.051563 0.074661
1 0.571094 0.613122 0.029688 0.045249
1 0.496094 0.666290 0.026563 0.042986
1 0.467969 0.700226 0.026563 0.038462
1 0.397656 0.703620 0.032813 0.054299
1 0.346875 0.742081 0.040625 0.067873
1 0.262500 0.762443 0.046875 0.072398
1 0.234375 0.670814 0.025000 0.042986
1 0.338281 0.657240 0.026563 0.047511
1 0.372656 0.635747 0.026563 0.036199
1 0.234375 0.615385 0.021875 0.036199
1 0.214063 0.559955 0.018750 0.033937
1 0.186719 0.642534 0.026563 0.045249
1 0.183594 0.563348 0.023438 0.036199
1 0.124219 0.566742 0.026563 0.033937
1 0.093750 0.566742 0.021875 0.033937
1 0.077344 0.548643 0.014063 0.024887
1 0.067187 0.588235 0.025000 0.040724
1 0.038281 0.580317 0.023438 0.033937
1 0.037500 0.680995 0.034375 0.045249
1 0.103125 0.664027 0.028125 0.042986
