1 0.065000 0.397898 0.038000 0.069069
1 0.126000 0.402402 0.040000 0.066066
1 0.167000 0.509009 0.038000 0.069069
1 0.213000 0.399399 0.038000 0.066066
1 0.251000 0.512012 0.034000 0.063063
1 0.282000 0.408408 0.036000 0.054054
1 0.326000 0.417417 0.036000 0.066066
1 0.346000 0.512012 0.040000 0.069069
1 0.387000 0.412913 0.034000 0.057057
1 0.427000 0.506006 0.042000 0.069069
1 0.466000 0.409910 0.036000 0.063063
1 0.512000 0.500000 0.040000 0.075075
1 0.494000 0.399399 0.028000 0.048048
1 0.537000 0.409910 0.030000 0.063063
1 0.568000 0.403904 0.032000 0.063063
1 0.607000 0.515015 0.046000 0.087087
1 0.600000 0.396396 0.036000 0.066066
1 0.663000 0.406907 0.038000 0.063063
1 0.673000 0.503003 0.038000 0.069069
1 0.734000 0.405405 0.040000 0.072072
1 0.766000 0.521021 0.040000 0.069069
1 0.806000 0.400901 0.044000 0.069069
1 0.842000 0.405405 0.040000 0.072072
