1 0.023750 0.621667 0.045000 0.076667
1 0.121875 0.573333 0.046250 0.076667
1 0.164375 0.583333 0.043750 0.066667
1 0.171250 0.735833 0.065000 0.085000
1 0.260000 0.625000 0.042500 0.080000
1 0.288750 0.625833 0.032500 0.065000
1 0.356250 0.590833 0.037500 0.068333
1 0.369375 0.682500 0.043750 0.075000
1 0.417500 0.630833 0.042500 0.061667
1 0.513125 0.723333 0.046250 0.076667
1 0.521250 0.553333 0.037500 0.066667
1 0.560625 0.579167 0.036250 0.058333
1 0.617500 0.712500 0.047500 0.068333
1 0.666250 0.555000 0.042500 0.070000
1 0.709375 0.537500 0.036250 0.061667
1 0.804375 0.612500 0.051250 0.078333
1 0.867500 0.607500 0.045000 0.065000
1 0.948125 0.570833 0.048750 0.065000
