1 0.038333 0.223618 0.070000 0.145729
1 0.086667 0.226131 0.053333 0.100503
1 0.065000 0.145729 0.056667 0.090452
1 0.051667 0.113065 0.063333 0.105528
1 0.213333 0.253769 0.080000 0.135678
1 0.255000 0.218593 0.050000 0.115578
1 0.205000 0.175879 0.056667 0.090452
1 0.321667 0.228643 0.070000 0.125628
1 0.151667 0.437186 0.110000 0.190955
1 0.331667 0.454774 0.090000 0.155779
1 0.371667 0.346734 0.070000 0.140704
1 0.405000 0.233668 0.056667 0.105528
1 0.483333 0.278894 0.060000 0.115578
1 0.480000 0.158291 0.046667 0.085427
1 0.495000 0.427136 0.103333 0.150754
1 0.568333 0.319095 0.070000 0.125628
1 0.611667 0.276382 0.050000 0.110553
1 0.676667 0.193467 0.053333 0.095477
1 0.661667 0.422111 0.076667 0.170854
1 0.706667 0.351759 0.060000 0.110553
1 0.760000 0.371859 0.060000 0.140704
1 0.750000 0.261307 0.053333 0.080402
1 0.846667 0.165829 0.166667 0.301508
1 0.978333 0.261307 0.043333 0.110553
1 0.921667 0.253769 0.050000 0.115578
