1 0.156667 0.645363 0.076667 0.132832
1 0.122500 0.602757 0.055000 0.092732
1 0.112500 0.546366 0.051667 0.070175
1 0.286667 0.651629 0.066667 0.115288
1 0.263333 0.591479 0.056667 0.095238
1 0.401667 0.615288 0.063333 0.092732
1 0.430000 0.839599 0.120000 0.160401
1 0.555000 0.879699 0.123333 0.215539
1 0.686667 0.889724 0.130000 0.195489
1 0.575000 0.689223 0.086667 0.175439
1 0.641667 0.670426 0.070000 0.137845
1 0.668333 0.338346 0.060000 0.100251
1 0.837500 0.624060 0.075000 0.120301
1 0.955833 0.674185 0.085000 0.170426
