1 0.242375 0.437667 0.035750 0.057333
1 0.165125 0.592167 0.052250 0.067667
1 0.297625 0.614333 0.067250 0.088000
1 0.361375 0.554833 0.052250 0.059667
1 0.511750 0.566833 0.053000 0.077667
1 0.602125 0.667333 0.099250 0.143333
1 0.524125 0.546167 0.034250 0.042333
1 0.697250 0.566333 0.056000 0.064667
1 0.704500 0.537167 0.032500 0.038333
1 0.770750 0.580000 0.054500 0.088000
1 0.788500 0.538167 0.032500 0.046333
1 0.846125 0.539167 0.034250 0.060333
1 0.874500 0.535000 0.044000 0.076667
1 0.900375 0.515333 0.024250 0.047333
1 0.934750 0.547333 0.038500 0.068667
1 0.939250 0.785500 0.120500 0.238333
