1 0.070833 0.528889 0.068333 0.093333
1 0.050833 0.468889 0.041667 0.057778
1 0.060000 0.434444 0.033333 0.046667
1 0.037500 0.417778 0.021667 0.031111
1 0.021667 0.417778 0.020000 0.026667
1 0.122500 0.434444 0.025000 0.037778
1 0.152500 0.467778 0.035000 0.051111
1 0.235000 0.501111 0.050000 0.068889
1 0.280000 0.570000 0.086667 0.122222
1 0.448333 0.502222 0.066667 0.088889
1 0.365000 0.466667 0.043333 0.066667
1 0.316667 0.444444 0.036667 0.040000
1 0.240000 0.444444 0.036667 0.048889
1 0.197500 0.430000 0.031667 0.042222
1 0.175000 0.415556 0.023333 0.035556
1 0.158333 0.405556 0.020000 0.033333
1 0.200833 0.378889 0.018333 0.028889
1 0.249167 0.406667 0.018333 0.031111
1 0.283333 0.418889 0.020000 0.028889
1 0.261667 0.446667 0.020000 0.035556
1 0.216667 0.410000 0.016667 0.028889
1 0.197500 0.401111 0.015000 0.024444
1 0.237500 0.396667 0.015000 0.024444
1 0.264167 0.401111 0.015000 0.024444
1 0.275833 0.396667 0.015000 0.020000
1 0.293333 0.392222 0.013333 0.024444
1 0.315833 0.402222 0.015000 0.031111
1 0.328333 0.413333 0.016667 0.031111
1 0.332500 0.400000 0.015000 0.017778
1 0.359167 0.418889 0.021667 0.033333
1 0.386667 0.447778 0.030000 0.042222
1 0.425000 0.455556 0.036667 0.053333
1 0.500000 0.465556 0.033333 0.051111
1 0.473333 0.424444 0.020000 0.031111
1 0.454167 0.423333 0.025000 0.037778
1 0.449167 0.397778 0.018333 0.022222
1 0.418333 0.407778 0.020000 0.028889
1 0.403333 0.421111 0.016667 0.024444
1 0.390000 0.414444 0.020000 0.033333
1 0.374167 0.395556 0.018333 0.026667
1 0.471667 0.398889 0.013333 0.024444
1 0.484167 0.397778 0.015000 0.022222
1 0.505833 0.415556 0.021667 0.035556
1 0.552500 0.434444 0.028333 0.042222
1 0.571667 0.460000 0.033333 0.053333
1 0.589167 0.526667 0.058333 0.084444
1 0.535000 0.403333 0.013333 0.020000
1 0.555000 0.400000 0.013333 0.017778
1 0.565000 0.406667 0.013333 0.022222
1 0.577500 0.418889 0.018333 0.028889
1 0.581667 0.403333 0.016667 0.024444
1 0.601667 0.420000 0.020000 0.031111
1 0.601667 0.401111 0.013333 0.024444
1 0.628333 0.412222 0.016667 0.028889
1 0.636667 0.436667 0.030000 0.042222
1 0.677500 0.492222 0.045000 0.060000
1 0.756667 0.468889 0.046667 0.062222
1 0.805833 0.451111 0.025000 0.040000
1 0.829167 0.431111 0.021667 0.031111
1 0.837500 0.410000 0.015000 0.028889
1 0.851667 0.415556 0.016667 0.026667
1 0.876667 0.412222 0.023333 0.033333
1 0.891667 0.417778 0.016667 0.026667
1 0.910833 0.412222 0.015000 0.028889
1 0.929167 0.414444 0.018333 0.028889
1 0.950833 0.415556 0.018333 0.026667
1 0.730000 0.434444 0.020000 0.033333
1 0.690833 0.417778 0.021667 0.040000
1 0.661667 0.428889 0.020000 0.040000
1 0.656667 0.400000 0.016667 0.026667
1 0.675833 0.408889 0.015000 0.026667
1 0.624167 0.394444 0.011667 0.020000
1 0.703333 0.401111 0.016667 0.028889
1 0.720000 0.405556 0.013333 0.015556
1 0.735000 0.402222 0.013333 0.026667
1 0.752500 0.403333 0.015000 0.024444
1 0.777500 0.423333 0.015000 0.028889
1 0.790000 0.412222 0.016667 0.028889
