1 0.283000 0.622356 0.022000 0.036254
1 0.269000 0.839879 0.050000 0.078550
1 0.317000 0.787009 0.038000 0.051360
1 0.256000 0.777946 0.028000 0.039275
1 0.218000 0.799094 0.036000 0.045317
1 0.173000 0.783988 0.026000 0.039275
1 0.211000 0.912387 0.054000 0.090634
1 0.130000 0.950151 0.068000 0.093656
1 0.149000 0.856495 0.042000 0.063444
1 0.116000 0.796073 0.032000 0.039275
1 0.103000 0.785498 0.030000 0.042296
1 0.033000 0.817221 0.030000 0.045317
1 0.039000 0.898792 0.062000 0.081571
1 0.643000 0.779456 0.030000 0.054381
1 0.668000 0.823263 0.032000 0.051360
1 0.700000 0.844411 0.056000 0.069486
1 0.730000 0.777946 0.028000 0.045317
1 0.769000 0.774924 0.034000 0.057402
1 0.781000 0.888218 0.054000 0.090634
1 0.830000 0.780967 0.036000 0.057402
1 0.852000 0.770393 0.032000 0.054381
1 0.921000 0.755287 0.030000 0.042296
1 0.924000 0.892749 0.052000 0.075529
1 0.964000 0.838369 0.044000 0.063444
1 0.988000 0.791541 0.024000 0.048338
1 0.988000 0.758308 0.024000 0.036254
