1 0.063281 0.327354 0.054688 0.067265
1 0.018750 0.322870 0.034375 0.067265
1 0.112500 0.321749 0.062500 0.073991
1 0.235938 0.468610 0.093750 0.116592
1 0.280469 0.371076 0.060938 0.082960
1 0.354688 0.332960 0.059375 0.073991
1 0.423438 0.316143 0.043750 0.062780
1 0.446094 0.410314 0.092188 0.107623
1 0.519531 0.331839 0.042188 0.067265
1 0.525000 0.298206 0.034375 0.044843
1 0.625000 0.293722 0.037500 0.049327
1 0.693750 0.360987 0.078125 0.112108
1 0.697656 0.292601 0.051563 0.082960
1 0.798438 0.303812 0.062500 0.087444
1 0.887500 0.368834 0.068750 0.078475
1 0.842188 0.334081 0.040625 0.071749
1 0.960156 0.497758 0.079688 0.161435
1 0.944531 0.264574 0.048438 0.049327
