1 0.092969 0.387500 0.051563 0.097222
1 0.049219 0.347222 0.035938 0.066667
1 0.191406 0.398611 0.051563 0.113889
1 0.169531 0.351389 0.032813 0.058333
1 0.234375 0.333333 0.025000 0.050000
1 0.262500 0.375000 0.040625 0.083333
1 0.325781 0.365278 0.032813 0.086111
1 0.394531 0.338889 0.039062 0.083333
1 0.452344 0.333333 0.029688 0.083333
1 0.444531 0.554167 0.107813 0.180556
1 0.567188 0.437500 0.090625 0.219444
1 0.517188 0.375000 0.062500 0.144444
1 0.658594 0.419444 0.067187 0.144444
1 0.774219 0.523611 0.107813 0.225000
1 0.756250 0.359722 0.050000 0.119444
1 0.720313 0.358333 0.025000 0.072222
1 0.807813 0.338889 0.043750 0.083333
1 0.906250 0.404167 0.062500 0.141667
