1 0.587750 0.482746 0.017500 0.029257
1 0.820250 0.721680 0.051500 0.073518
1 0.803000 0.679295 0.036000 0.053263
1 0.708500 0.818080 0.087000 0.137284
1 0.696000 0.677419 0.044000 0.063016
1 0.679250 0.648537 0.022500 0.042761
1 0.593500 0.684171 0.045000 0.070518
1 0.607500 0.644786 0.025000 0.041260
1 0.559500 0.833458 0.126000 0.211553
1 0.494500 0.665041 0.045000 0.075769
1 0.372000 0.784696 0.070000 0.118530
1 0.332500 0.691298 0.050000 0.086272
1 0.375500 0.643286 0.033000 0.063766
1 0.416750 0.636534 0.030500 0.050263
1 0.309250 0.633158 0.026500 0.051013
1 0.289750 0.611778 0.028500 0.051763
1 0.288500 0.572018 0.022000 0.029257
1 0.325000 0.575394 0.021000 0.030008
1 0.285000 0.558140 0.018000 0.028507
1 0.185750 0.548012 0.027500 0.045761
1 0.199250 0.653413 0.046500 0.085521
1 0.116250 0.919355 0.153500 0.161290
1 0.175000 0.605401 0.034000 0.051013
1 0.152250 0.539760 0.022500 0.035259
1 0.126000 0.575394 0.033000 0.042011
1 0.075000 0.515379 0.020000 0.039010
1 0.021750 0.581770 0.035500 0.057764
1 0.007750 0.501875 0.014500 0.028507
1 0.018500 0.497374 0.015000 0.027007
