1 0.040500 0.472222 0.035000 0.052553
1 0.056500 0.446697 0.023000 0.046547
1 0.034500 0.405405 0.031000 0.054054
1 0.101000 0.406907 0.030000 0.045045
1 0.107500 0.447447 0.029000 0.048048
1 0.157000 0.403904 0.028000 0.051051
1 0.148000 0.534535 0.050000 0.081081
1 0.260000 0.507508 0.048000 0.090090
1 0.253500 0.457207 0.035000 0.058559
1 0.309000 0.505255 0.036000 0.067568
1 0.334000 0.518018 0.034000 0.057057
1 0.316000 0.442192 0.030000 0.046547
1 0.335500 0.407658 0.029000 0.052553
1 0.364500 0.456456 0.033000 0.054054
1 0.403000 0.414414 0.030000 0.048048
1 0.413500 0.268769 0.021000 0.039039
1 0.258000 0.653153 0.090000 0.141141
1 0.427000 0.475225 0.038000 0.058559
1 0.453000 0.451952 0.028000 0.051051
1 0.445000 0.426426 0.022000 0.039039
1 0.469000 0.392643 0.022000 0.043544
1 0.519000 0.389640 0.028000 0.043544
1 0.516000 0.427928 0.026000 0.042042
1 0.495500 0.527027 0.053000 0.090090
1 0.512000 0.505255 0.030000 0.070571
1 0.459000 0.590841 0.084000 0.160661
1 0.428500 0.867868 0.159000 0.264264
1 0.566000 0.397898 0.016000 0.036036
1 0.584500 0.421171 0.025000 0.037538
1 0.587000 0.450450 0.024000 0.045045
1 0.600000 0.500000 0.032000 0.075075
1 0.634000 0.530030 0.056000 0.108108
1 0.652500 0.467718 0.027000 0.046547
1 0.650500 0.436937 0.023000 0.036036
1 0.647000 0.397147 0.026000 0.037538
1 0.626500 0.394144 0.015000 0.037538
1 0.688500 0.511261 0.035000 0.058559
1 0.707000 0.604354 0.092000 0.127628
1 0.768500 0.551802 0.051000 0.100601
1 0.730000 0.503003 0.046000 0.069069
1 0.733500 0.469970 0.039000 0.051051
1 0.724000 0.428679 0.024000 0.040541
1 0.748000 0.408408 0.028000 0.042042
1 0.733500 0.382132 0.023000 0.043544
1 0.782000 0.423423 0.028000 0.051051
1 0.812000 0.447447 0.038000 0.066066
1 0.820000 0.512763 0.050000 0.082583
1 0.846000 0.496246 0.034000 0.058559
1 0.878500 0.377628 0.027000 0.040541
1 0.941500 0.411411 0.029000 0.057057
1 0.949500 0.382883 0.023000 0.045045
1 0.964500 0.588589 0.071000 0.150150
1 0.912500 0.823574 0.175000 0.298799
