1 0.180000 0.825826 0.136000 0.204204
1 0.103000 0.560060 0.070000 0.105105
1 0.185000 0.364865 0.042000 0.063063
1 0.233000 0.375375 0.038000 0.054054
1 0.249000 0.331832 0.034000 0.039039
1 0.304000 0.345345 0.028000 0.048048
1 0.352000 0.342342 0.028000 0.054054
1 0.374000 0.396396 0.032000 0.066066
1 0.413000 0.468468 0.070000 0.114114
1 0.430000 0.397898 0.060000 0.075075
1 0.416000 0.340841 0.036000 0.057057
1 0.444000 0.264264 0.024000 0.042042
1 0.493000 0.342342 0.034000 0.072072
1 0.565000 0.328829 0.046000 0.063063
1 0.578000 0.381381 0.052000 0.090090
1 0.628000 0.349850 0.048000 0.087087
1 0.630000 0.298799 0.036000 0.057057
1 0.728000 0.316817 0.036000 0.057057
1 0.575000 0.584084 0.106000 0.159159
1 0.748000 0.412913 0.052000 0.111111
1 0.780000 0.363363 0.056000 0.084084
1 0.892000 0.454955 0.088000 0.141141
1 0.952000 0.375375 0.064000 0.108108
1 0.802000 0.582583 0.124000 0.180180
