1 0.105417 0.278333 0.064167 0.070000
1 0.146250 0.260000 0.042500 0.057778
1 0.047083 0.311111 0.052500 0.073333
1 0.267917 0.303333 0.062500 0.080000
1 0.343333 0.263889 0.065000 0.098889
1 0.341667 0.171667 0.038333 0.056667
1 0.424167 0.181667 0.036667 0.056667
1 0.472083 0.257222 0.042500 0.052222
1 0.442083 0.233333 0.032500 0.055556
1 0.518750 0.287778 0.055833 0.088889
1 0.517500 0.230000 0.055000 0.066667
1 0.545417 0.165556 0.044167 0.066667
1 0.606667 0.201667 0.043333 0.058889
1 0.672917 0.249444 0.044167 0.070000
1 0.735000 0.274444 0.065000 0.097778
1 0.957083 0.161667 0.057500 0.107778
1 0.663750 0.201667 0.034167 0.052222
