1 0.102344 0.350000 0.114063 0.177083
1 0.174609 0.261458 0.055469 0.087500
1 0.244531 0.281771 0.062500 0.096875
1 0.352344 0.237500 0.039062 0.068750
1 0.401953 0.410417 0.135156 0.206250
1 0.451563 0.261979 0.043750 0.078125
1 0.515625 0.280208 0.078125 0.118750
1 0.566797 0.330208 0.074219 0.120833
1 0.642188 0.441146 0.150000 0.228125
1 0.620703 0.250521 0.036719 0.061458
1 0.673438 0.257292 0.051563 0.077083
1 0.755078 0.300000 0.086719 0.139583
1 0.839063 0.295833 0.051563 0.093750
1 0.964063 0.266146 0.056250 0.103125
1 0.949219 0.561458 0.101562 0.237500
