1 0.050781 0.456573 0.060938 0.086854
1 0.032813 0.653756 0.062500 0.152582
1 0.193750 0.504695 0.075000 0.117371
1 0.369531 0.544601 0.073438 0.107981
1 0.421094 0.640845 0.114063 0.154930
1 0.353906 0.807512 0.164062 0.234742
1 0.599219 0.556338 0.089063 0.145540
1 0.484375 0.529343 0.071875 0.105634
1 0.647656 0.327465 0.051563 0.072770
1 0.707813 0.481221 0.065625 0.126761
1 0.814063 0.529343 0.093750 0.152582
1 0.744531 0.706573 0.110938 0.201878
1 0.936719 0.886150 0.123438 0.218310
1 0.963281 0.512911 0.064063 0.133803
