1 0.471014 0.343023 0.028986 0.038760
1 0.916667 0.585271 0.044928 0.058140
1 0.909420 0.646318 0.056522 0.075581
1 0.900000 0.763566 0.089855 0.120155
1 0.886957 0.713178 0.055072 0.069767
1 0.834783 0.904070 0.142029 0.164729
1 0.501449 0.835271 0.101449 0.170543
1 0.626087 0.698643 0.086957 0.125969
1 0.708696 0.640504 0.069565 0.110465
1 0.749275 0.595930 0.046377 0.075581
1 0.779710 0.576550 0.046377 0.067829
1 0.656522 0.555233 0.046377 0.063953
1 0.605797 0.602713 0.046377 0.065891
1 0.548551 0.605620 0.056522 0.079457
1 0.550000 0.536822 0.036232 0.065891
1 0.486957 0.575581 0.049275 0.073643
1 0.467391 0.670543 0.065217 0.093023
1 0.404348 0.600775 0.052174 0.085271
1 0.276087 0.771318 0.097101 0.147287
1 0.311594 0.625000 0.078261 0.106589
1 0.343478 0.526163 0.037681 0.056202
1 0.258696 0.528101 0.039130 0.060078
1 0.263043 0.500969 0.036232 0.044574
1 0.090580 0.685078 0.082609 0.122093
1 0.031159 0.543605 0.050725 0.075581
1 0.042029 0.483527 0.037681 0.048450
1 0.106522 0.509690 0.033333 0.054264
1 0.147101 0.538760 0.036232 0.058140
1 0.142754 0.486434 0.033333 0.050388
1 0.184783 0.511628 0.036232 0.058140
