1 0.047656 0.804167 0.051563 0.075000
1 0.121094 0.719792 0.051563 0.072917
1 0.153906 0.667708 0.045313 0.052083
1 0.210156 0.629167 0.042188 0.070833
1 0.118750 0.877083 0.109375 0.141667
1 0.215625 0.772917 0.056250 0.070833
1 0.278125 0.707292 0.043750 0.064583
1 0.274219 0.655208 0.045313 0.060417
1 0.290625 0.626042 0.040625 0.056250
1 0.420313 0.485417 0.034375 0.050000
1 0.353906 0.788542 0.060938 0.085417
1 0.503125 0.763542 0.062500 0.081250
1 0.467188 0.658333 0.037500 0.054167
1 0.458594 0.620833 0.035938 0.050000
1 0.545312 0.712500 0.046875 0.070833
1 0.578125 0.657292 0.043750 0.056250
1 0.564844 0.621875 0.035938 0.047917
1 0.636719 0.771875 0.054688 0.081250
1 0.688281 0.693750 0.045313 0.075000
1 0.678906 0.627083 0.039062 0.058333
1 0.712500 0.641667 0.043750 0.062500
1 0.746094 0.780208 0.057813 0.089583
1 0.825000 0.621875 0.046875 0.056250
1 0.878125 0.776042 0.053125 0.077083
1 0.936719 0.879167 0.114063 0.141667
1 0.975781 0.767708 0.048438 0.097917
1 0.972656 0.688542 0.048438 0.068750
1 0.934375 0.671875 0.040625 0.060417
1 0.921094 0.620833 0.039062 0.058333
