1 0.159035 0.644444 0.097772 0.155556
1 0.285272 0.477778 0.060644 0.095238
1 0.438738 0.588095 0.107673 0.147619
1 0.786510 0.708730 0.176980 0.214286
1 0.673267 0.486508 0.076733 0.103175
1 0.859530 0.412698 0.085396 0.117460
1 0.813119 0.384921 0.047030 0.068254
1 0.782178 0.357143 0.037129 0.050794
1 0.715347 0.375397 0.044554 0.049206
1 0.662748 0.386508 0.043317 0.061905
1 0.642946 0.441270 0.045792 0.066667
1 0.613243 0.440476 0.035891 0.058730
1 0.605198 0.400000 0.034653 0.050794
1 0.535891 0.432540 0.051980 0.077778
1 0.506807 0.423810 0.033416 0.063492
1 0.391708 0.446032 0.045792 0.057143
1 0.411510 0.411905 0.038366 0.049206
1 0.480817 0.401587 0.025990 0.047619
1 0.342822 0.428571 0.039604 0.060317
1 0.293317 0.391270 0.029703 0.033333
1 0.253094 0.424603 0.038366 0.039683
1 0.207302 0.413492 0.035891 0.039683
1 0.154703 0.419048 0.037129 0.047619
1 0.076114 0.438095 0.038366 0.050794
1 0.120050 0.401587 0.022277 0.031746
1 0.098391 0.392857 0.021040 0.026984
1 0.061881 0.410317 0.024752 0.023810
1 0.048886 0.405556 0.021040 0.023810
1 0.179455 0.388095 0.022277 0.026984
1 0.319926 0.385714 0.023515 0.031746
1 0.353960 0.384921 0.027228 0.042857
1 0.409035 0.366667 0.025990 0.038095
1 0.381188 0.359524 0.017327 0.026984
1 0.369431 0.369048 0.018564 0.030159
1 0.458540 0.363492 0.023515 0.031746
1 0.137995 0.388889 0.016089 0.022222
1 0.157178 0.384921 0.017327 0.023810
1 0.141708 0.310317 0.016089 0.020635
1 0.241955 0.388095 0.021040 0.030159
1 0.230198 0.378571 0.019802 0.023810
1 0.259282 0.378571 0.021040 0.030159
1 0.290842 0.371429 0.017327 0.028571
1 0.306312 0.368254 0.013614 0.022222
1 0.333540 0.369048 0.013614 0.023810
1 0.458540 0.348413 0.023515 0.023810
1 0.487005 0.341270 0.021040 0.025397
1 0.504950 0.356349 0.022277 0.030159
1 0.493193 0.356349 0.018564 0.026984
1 0.214728 0.391270 0.021040 0.023810
1 0.548267 0.351587 0.024752 0.030159
1 0.597772 0.371429 0.032178 0.034921
1 0.529703 0.335714 0.014851 0.023810
1 0.565594 0.331746 0.014851 0.025397
1 0.607054 0.332540 0.016089 0.020635
1 0.585396 0.334921 0.022277 0.022222
1 0.671411 0.355556 0.021040 0.034921
1 0.650990 0.323810 0.019802 0.028571
1 0.634282 0.324603 0.013614 0.020635
1 0.683787 0.325397 0.021040 0.028571
1 0.707302 0.334127 0.025990 0.033333
1 0.741955 0.320635 0.023515 0.031746
1 0.720297 0.319841 0.019802 0.026984
1 0.761139 0.316667 0.019802 0.026984
1 0.795173 0.318254 0.018564 0.026984
1 0.819926 0.306349 0.016089 0.025397
1 0.825495 0.277778 0.027228 0.031746
1 0.894183 0.299206 0.018564 0.026984
